# Goxel 0.8.0
# One line per voxel
# X Y Z RRGGBB
-8 -10 0 9a6b55
-7 -10 0 9a6b55
-6 -10 0 9a6b55
-5 -10 0 9a6b55
-4 -10 0 9a6b55
-3 -10 0 9a6b55
-2 -10 0 9a6b55
-1 -10 0 663931
-8 -9 0 9a6b55
-7 -9 0 9a6b55
-6 -9 0 9a6b55
-5 -9 0 9a6b55
-4 -9 0 9a6b55
-3 -9 0 9a6b55
-2 -9 0 9a6b55
-1 -9 0 9a6b55
-8 -8 0 9a6b55
-7 -8 0 9a6b55
-6 -8 0 9a6b55
-5 -8 0 9a6b55
-4 -8 0 9a6b55
-3 -8 0 9a6b55
-2 -8 0 9a6b55
-1 -8 0 9a6b55
-8 -7 0 9a6b55
-7 -7 0 9a6b55
-6 -7 0 9a6b55
-5 -7 0 9a6b55
-4 -7 0 9a6b55
-3 -7 0 9a6b55
-2 -7 0 9a6b55
-1 -7 0 9a6b55
-8 -6 0 9a6b55
-7 -6 0 9a6b55
-6 -6 0 9a6b55
-5 -6 0 9a6b55
-4 -6 0 9a6b55
-3 -6 0 9a6b55
-2 -6 0 9a6b55
-1 -6 0 9a6b55
-8 -5 0 9a6b55
-7 -5 0 9a6b55
-6 -5 0 9a6b55
-5 -5 0 9a6b55
-4 -5 0 9a6b55
-3 -5 0 9a6b55
-2 -5 0 9a6b55
-1 -5 0 9a6b55
-8 -4 0 9a6b55
-7 -4 0 9a6b55
-6 -4 0 9a6b55
-5 -4 0 9a6b55
-4 -4 0 9a6b55
-3 -4 0 9a6b55
-2 -4 0 9a6b55
-1 -4 0 9a6b55
-8 -3 0 9a6b55
-7 -3 0 9a6b55
-6 -3 0 9a6b55
-5 -3 0 9a6b55
-4 -3 0 9a6b55
-3 -3 0 9a6b55
-2 -3 0 9a6b55
-1 -3 0 9a6b55
-8 -2 0 9a6b55
-7 -2 0 9a6b55
-6 -2 0 9a6b55
-5 -2 0 9a6b55
-4 -2 0 9a6b55
-3 -2 0 9a6b55
-2 -2 0 9a6b55
-1 -2 0 9a6b55
-8 -1 0 9a6b55
-7 -1 0 9a6b55
-6 -1 0 9a6b55
-5 -1 0 9a6b55
-4 -1 0 9a6b55
-3 -1 0 9a6b55
-2 -1 0 9a6b55
-1 -1 0 9a6b55
-8 -10 1 9a6b55
-7 -10 1 9a6b55
-6 -10 1 9a6b55
-5 -10 1 9a6b55
-4 -10 1 9a6b55
-3 -10 1 9a6b55
-2 -10 1 9a6b55
-1 -10 1 663931
-8 -9 1 9a6b55
-7 -9 1 9a6b55
-8 -8 1 9a6b55
-7 -8 1 9a6b55
-8 -7 1 9a6b55
-7 -7 1 9a6b55
-8 -6 1 9a6b55
-7 -6 1 9a6b55
-8 -5 1 9a6b55
-7 -5 1 9a6b55
-8 -4 1 9a6b55
-7 -4 1 9a6b55
-8 -3 1 9a6b55
-7 -3 1 9a6b55
-8 -2 1 9a6b55
-7 -2 1 9a6b55
-8 -1 1 9a6b55
-7 -1 1 9a6b55
-8 -10 2 9a6b55
-7 -10 2 9a6b55
-6 -10 2 9a6b55
-5 -10 2 9a6b55
-4 -10 2 9a6b55
-3 -10 2 9a6b55
-2 -10 2 9a6b55
-1 -10 2 663931
-8 -9 2 9a6b55
-7 -9 2 9a6b55
-8 -8 2 9a6b55
-7 -8 2 9a6b55
-8 -7 2 9a6b55
-7 -7 2 9a6b55
-8 -6 2 9a6b55
-7 -6 2 9a6b55
-8 -5 2 9a6b55
-7 -5 2 9a6b55
-8 -4 2 9a6b55
-7 -4 2 9a6b55
-8 -3 2 9a6b55
-7 -3 2 9a6b55
-8 -2 2 9a6b55
-7 -2 2 9a6b55
-8 -1 2 9a6b55
-7 -1 2 9a6b55
-8 -10 3 9a6b55
-7 -10 3 9a6b55
-6 -10 3 9a6b55
-5 -10 3 9a6b55
-4 -10 3 9a6b55
-3 -10 3 9a6b55
-2 -10 3 9a6b55
-1 -10 3 663931
-8 -9 3 9a6b55
-7 -9 3 9a6b55
-6 -9 3 ffffff
-5 -9 3 ffffff
-4 -9 3 ffffff
-3 -9 3 ffffff
-2 -9 3 ffffff
-8 -8 3 9a6b55
-7 -8 3 9a6b55
-8 -7 3 9a6b55
-7 -7 3 9a6b55
-8 -6 3 9a6b55
-7 -6 3 9a6b55
-8 -5 3 9a6b55
-7 -5 3 9a6b55
-8 -4 3 9a6b55
-7 -4 3 9a6b55
-8 -3 3 9a6b55
-7 -3 3 9a6b55
-8 -2 3 9a6b55
-7 -2 3 9a6b55
-8 -1 3 9a6b55
-7 -1 3 9a6b55
-8 -10 4 9a6b55
-7 -10 4 9a6b55
-6 -10 4 9a6b55
-5 -10 4 9a6b55
-4 -10 4 9a6b55
-3 -10 4 9a6b55
-2 -10 4 9a6b55
-1 -10 4 663931
-8 -9 4 9a6b55
-7 -9 4 9a6b55
-6 -9 4 cadafb
-5 -9 4 cadafb
-4 -9 4 cadafb
-3 -9 4 cadafb
-2 -9 4 ffffff
-8 -8 4 9a6b55
-7 -8 4 9a6b55
-8 -7 4 9a6b55
-7 -7 4 9a6b55
-8 -6 4 9a6b55
-7 -6 4 9a6b55
-8 -5 4 9a6b55
-7 -5 4 9a6b55
-8 -4 4 9a6b55
-7 -4 4 9a6b55
-8 -3 4 9a6b55
-7 -3 4 9a6b55
-8 -2 4 9a6b55
-7 -2 4 9a6b55
-8 -1 4 9a6b55
-7 -1 4 9a6b55
-8 -10 5 9a6b55
-7 -10 5 9a6b55
-6 -10 5 9a6b55
-5 -10 5 9a6b55
-4 -10 5 9a6b55
-3 -10 5 9a6b55
-2 -10 5 9a6b55
-1 -10 5 996a54
-8 -9 5 9a6b55
-7 -9 5 9a6b55
-6 -9 5 cadafb
-5 -9 5 cadafb
-4 -9 5 cadafb
-3 -9 5 cadafb
-2 -9 5 ffffff
-8 -8 5 9a6b55
-7 -8 5 9a6b55
-8 -7 5 9a6b55
-7 -7 5 9a6b55
-8 -6 5 9a6b55
-7 -6 5 9a6b55
-8 -5 5 9a6b55
-7 -5 5 9a6b55
-8 -4 5 9a6b55
-7 -4 5 9a6b55
-8 -3 5 9a6b55
-7 -3 5 9a6b55
-8 -2 5 9a6b55
-7 -2 5 9a6b55
-8 -1 5 9a6b55
-7 -1 5 9a6b55
-8 -10 6 9a6b55
-7 -10 6 9a6b55
-6 -10 6 9a6b55
-5 -10 6 9a6b55
-4 -10 6 9a6b55
-3 -10 6 9a6b55
-2 -10 6 9a6b55
-1 -10 6 996a54
-8 -9 6 9a6b55
-7 -9 6 9a6b55
-8 -8 6 9a6b55
-7 -8 6 9a6b55
-8 -7 6 9a6b55
-7 -7 6 9a6b55
-8 -6 6 9a6b55
-7 -6 6 9a6b55
-8 -5 6 9a6b55
-7 -5 6 9a6b55
-8 -4 6 9a6b55
-7 -4 6 9a6b55
-8 -3 6 9a6b55
-7 -3 6 9a6b55
-8 -2 6 9a6b55
-7 -2 6 9a6b55
-8 -1 6 9a6b55
-7 -1 6 9a6b55
-8 -10 7 9a6b55
-7 -10 7 9a6b55
-6 -10 7 9a6b55
-5 -10 7 9a6b55
-4 -10 7 9a6b55
-3 -10 7 9a6b55
-2 -10 7 9a6b55
-1 -10 7 996a54
-8 -9 7 9a6b55
-7 -9 7 9a6b55
-8 -8 7 9a6b55
-7 -8 7 9a6b55
-8 -7 7 9a6b55
-7 -7 7 9a6b55
-8 -6 7 9a6b55
-7 -6 7 9a6b55
-8 -5 7 9a6b55
-7 -5 7 9a6b55
-8 -4 7 9a6b55
-7 -4 7 9a6b55
-8 -3 7 9a6b55
-7 -3 7 9a6b55
-8 -2 7 9a6b55
-7 -2 7 9a6b55
-8 -1 7 9a6b55
-7 -1 7 9a6b55
-9 -10 8 663931
-8 -10 8 663931
-7 -10 8 663931
-6 -10 8 986953
-5 -10 8 986953
-4 -10 8 996a54
-3 -10 8 996a54
-2 -10 8 996a54
-1 -10 8 996a54
-9 -9 8 663931
-8 -9 8 663931
-7 -9 8 663931
-6 -9 8 663931
-5 -9 8 663931
-4 -9 8 663931
-3 -9 8 663931
-2 -9 8 663931
-1 -9 8 663931
-9 -8 8 663931
-8 -8 8 663931
-7 -8 8 663931
-6 -8 8 663931
-5 -8 8 663931
-4 -8 8 663931
-3 -8 8 663931
-2 -8 8 663931
-1 -8 8 663931
-9 -7 8 663931
-8 -7 8 663931
-7 -7 8 663931
-6 -7 8 663931
-5 -7 8 663931
-4 -7 8 663931
-3 -7 8 663931
-2 -7 8 663931
-1 -7 8 663931
-9 -6 8 663931
-8 -6 8 663931
-7 -6 8 663931
-6 -6 8 663931
-5 -6 8 663931
-4 -6 8 663931
-3 -6 8 663931
-2 -6 8 663931
-1 -6 8 663931
-9 -5 8 663931
-8 -5 8 663931
-7 -5 8 663931
-6 -5 8 663931
-5 -5 8 663931
-4 -5 8 663931
-3 -5 8 663931
-2 -5 8 663931
-1 -5 8 663931
-9 -4 8 663931
-8 -4 8 663931
-7 -4 8 663931
-6 -4 8 663931
-5 -4 8 663931
-4 -4 8 663931
-3 -4 8 663931
-2 -4 8 663931
-1 -4 8 663931
-9 -3 8 663931
-8 -3 8 663931
-7 -3 8 663931
-6 -3 8 663931
-5 -3 8 663931
-4 -3 8 663931
-3 -3 8 663931
-2 -3 8 663931
-1 -3 8 663931
-9 -2 8 663931
-8 -2 8 663931
-7 -2 8 663931
-6 -2 8 663931
-5 -2 8 663931
-4 -2 8 663931
-3 -2 8 663931
-2 -2 8 663931
-1 -2 8 663931
-9 -1 8 663931
-8 -1 8 663931
-7 -1 8 663931
-6 -1 8 663931
-5 -1 8 663931
-4 -1 8 663931
-3 -1 8 663931
-2 -1 8 663931
-1 -1 8 663931
-7 -10 9 663931
-6 -10 9 986953
-5 -10 9 986953
-4 -10 9 996a54
-3 -10 9 996a54
-2 -10 9 996a54
-7 -9 9 663931
-6 -9 9 663931
-5 -9 9 663931
-4 -9 9 663931
-3 -9 9 663931
-2 -9 9 663931
-1 -9 9 71af46
-7 -8 9 663931
-6 -8 9 663931
-5 -8 9 663931
-4 -8 9 663931
-3 -8 9 663931
-2 -8 9 663931
-1 -8 9 663931
-7 -7 9 663931
-6 -7 9 663931
-5 -7 9 663931
-4 -7 9 663931
-3 -7 9 663931
-2 -7 9 663931
-1 -7 9 663931
-7 -6 9 663931
-6 -6 9 663931
-5 -6 9 663931
-4 -6 9 663931
-3 -6 9 663931
-2 -6 9 663931
-1 -6 9 663931
-7 -5 9 663931
-6 -5 9 663931
-5 -5 9 663931
-4 -5 9 663931
-3 -5 9 663931
-2 -5 9 663931
-1 -5 9 663931
-7 -4 9 663931
-6 -4 9 663931
-5 -4 9 663931
-4 -4 9 663931
-3 -4 9 663931
-2 -4 9 663931
-1 -4 9 663931
-7 -3 9 663931
-6 -3 9 663931
-5 -3 9 663931
-4 -3 9 663931
-3 -3 9 663931
-2 -3 9 663931
-1 -3 9 663931
-7 -2 9 663931
-6 -2 9 663931
-5 -2 9 663931
-4 -2 9 663931
-3 -2 9 663931
-2 -2 9 663931
-1 -2 9 663931
-7 -1 9 663931
-6 -1 9 663931
-5 -1 9 663931
-4 -1 9 663931
-3 -1 9 663931
-2 -1 9 663931
-1 -1 9 663931
-7 -10 10 663931
-6 -10 10 663931
-5 -10 10 663931
-4 -10 10 996a54
-3 -10 10 996a54
-2 -10 10 996a54
-7 -9 10 663931
-6 -9 10 663931
-5 -9 10 663931
-4 -9 10 663931
-3 -9 10 663931
-2 -9 10 663931
-1 -9 10 ac3131
-7 -8 10 663931
-6 -8 10 663931
-5 -8 10 663931
-4 -8 10 663931
-3 -8 10 663931
-2 -8 10 663931
-1 -8 10 663931
-7 -7 10 663931
-6 -7 10 663931
-5 -7 10 663931
-4 -7 10 663931
-3 -7 10 663931
-2 -7 10 663931
-1 -7 10 663931
-7 -6 10 663931
-6 -6 10 663931
-5 -6 10 663931
-4 -6 10 663931
-3 -6 10 663931
-2 -6 10 663931
-1 -6 10 663931
-7 -5 10 663931
-6 -5 10 663931
-5 -5 10 663931
-4 -5 10 663931
-3 -5 10 663931
-2 -5 10 663931
-1 -5 10 663931
-7 -4 10 663931
-6 -4 10 663931
-5 -4 10 663931
-4 -4 10 663931
-3 -4 10 663931
-2 -4 10 663931
-1 -4 10 663931
-7 -3 10 663931
-6 -3 10 663931
-5 -3 10 663931
-4 -3 10 663931
-3 -3 10 663931
-2 -3 10 663931
-1 -3 10 663931
-7 -2 10 663931
-6 -2 10 663931
-5 -2 10 663931
-4 -2 10 663931
-3 -2 10 663931
-2 -2 10 663931
-1 -2 10 663931
-7 -1 10 663931
-6 -1 10 663931
-5 -1 10 663931
-4 -1 10 663931
-3 -1 10 663931
-2 -1 10 663931
-1 -1 10 663931
-5 -10 11 663931
-4 -10 11 996a54
-3 -10 11 996a54
-2 -10 11 996a54
-1 -10 11 996a54
-5 -9 11 663931
-4 -9 11 663931
-3 -9 11 663931
-2 -9 11 663931
-1 -9 11 663931
-5 -8 11 663931
-4 -8 11 663931
-3 -8 11 663931
-2 -8 11 663931
-1 -8 11 663931
-5 -7 11 663931
-4 -7 11 663931
-3 -7 11 663931
-2 -7 11 663931
-1 -7 11 663931
-5 -6 11 663931
-4 -6 11 663931
-3 -6 11 663931
-2 -6 11 663931
-1 -6 11 663931
-5 -5 11 663931
-4 -5 11 663931
-3 -5 11 663931
-2 -5 11 663931
-1 -5 11 663931
-5 -4 11 663931
-4 -4 11 663931
-3 -4 11 663931
-2 -4 11 663931
-1 -4 11 663931
-5 -3 11 663931
-4 -3 11 663931
-3 -3 11 663931
-2 -3 11 663931
-1 -3 11 663931
-5 -2 11 663931
-4 -2 11 663931
-3 -2 11 663931
-2 -2 11 663931
-1 -2 11 663931
-5 -1 11 663931
-4 -1 11 663931
-3 -1 11 663931
-2 -1 11 663931
-1 -1 11 663931
-5 -10 12 663931
-4 -10 12 996a54
-3 -10 12 996a54
-2 -10 12 996a54
-1 -10 12 996a54
-5 -9 12 663931
-4 -9 12 663931
-3 -9 12 663931
-2 -9 12 663931
-1 -9 12 663931
-5 -8 12 663931
-4 -8 12 663931
-3 -8 12 663931
-2 -8 12 663931
-1 -8 12 663931
-5 -7 12 663931
-4 -7 12 663931
-3 -7 12 663931
-2 -7 12 663931
-1 -7 12 663931
-5 -6 12 663931
-4 -6 12 663931
-3 -6 12 663931
-2 -6 12 663931
-1 -6 12 663931
-5 -5 12 663931
-4 -5 12 663931
-3 -5 12 663931
-2 -5 12 663931
-1 -5 12 663931
-5 -4 12 663931
-4 -4 12 663931
-3 -4 12 663931
-2 -4 12 663931
-1 -4 12 663931
-5 -3 12 663931
-4 -3 12 663931
-3 -3 12 663931
-2 -3 12 663931
-1 -3 12 663931
-5 -2 12 663931
-4 -2 12 663931
-3 -2 12 663931
-2 -2 12 663931
-1 -2 12 663931
-5 -1 12 663931
-4 -1 12 663931
-3 -1 12 663931
-2 -1 12 663931
-1 -1 12 663931
-4 -10 13 9a6b55
-3 -10 13 996a54
-2 -10 13 9a6b55
-1 -10 13 9a6b55
-4 -9 13 9a6b55
-3 -9 13 663931
-2 -9 13 663931
-1 -9 13 663931
-4 -8 13 9a6b55
-3 -8 13 663931
-2 -8 13 663931
-1 -8 13 663931
-4 -7 13 9a6b55
-3 -7 13 663931
-2 -7 13 663931
-1 -7 13 663931
-4 -6 13 9a6b55
-3 -6 13 663931
-2 -6 13 663931
-1 -6 13 663931
-4 -5 13 9a6b55
-3 -5 13 663931
-2 -5 13 663931
-1 -5 13 663931
-4 -4 13 9a6b55
-3 -4 13 9a6b55
-2 -4 13 9a6b55
-1 -4 13 9a6b55
-4 -3 13 9a6b55
-3 -3 13 9a6b55
-2 -3 13 9a6b55
-1 -3 13 9a6b55
-4 -2 13 9a6b55
-3 -2 13 9a6b55
-2 -2 13 9a6b55
-1 -2 13 9a6b55
-3 -1 13 663931
-2 -1 13 663931
-1 -1 13 663931
-4 -10 14 9a6b55
-3 -10 14 996a54
-2 -10 14 996a54
-1 -10 14 996a54
-4 -9 14 9a6b55
-3 -9 14 663931
-2 -9 14 663931
-1 -9 14 663931
-4 -8 14 9a6b55
-3 -8 14 663931
-2 -8 14 663931
-1 -8 14 663931
-4 -7 14 9a6b55
-3 -7 14 663931
-2 -7 14 663931
-1 -7 14 663931
-4 -6 14 9a6b55
-3 -6 14 663931
-2 -6 14 663931
-1 -6 14 663931
-4 -5 14 9a6b55
-3 -5 14 663931
-2 -5 14 663931
-1 -5 14 663931
-4 -4 14 9a6b55
-3 -4 14 9a6b55
-2 -4 14 9a6b55
-1 -4 14 9a6b55
-4 -3 14 9a6b55
-3 -3 14 9a6b55
-2 -3 14 9a6b55
-1 -3 14 9a6b55
-4 -2 14 9a6b55
-3 -2 14 663931
-2 -2 14 663931
-1 -2 14 663931
-3 -1 14 663931
-2 -1 14 663931
-1 -1 14 663931
-4 -10 15 9a6b55
-3 -10 15 9a6b55
-2 -10 15 9a6b55
-1 -10 15 9a6b55
-4 -9 15 9a6b55
-3 -9 15 9a6b55
-2 -9 15 9a6b55
-1 -9 15 9a6b55
-4 -8 15 9a6b55
-3 -8 15 9a6b55
-2 -8 15 9a6b55
-1 -8 15 9a6b55
-4 -7 15 9a6b55
-3 -7 15 9a6b55
-2 -7 15 9a6b55
-1 -7 15 9a6b55
-4 -6 15 9a6b55
-3 -6 15 9a6b55
-2 -6 15 9a6b55
-1 -6 15 9a6b55
-4 -5 15 9a6b55
-3 -5 15 9a6b55
-2 -5 15 9a6b55
-1 -5 15 9a6b55
-4 -4 15 9a6b55
-3 -4 15 9a6b55
-2 -4 15 9a6b55
-1 -4 15 9a6b55
-4 -3 15 9a6b55
-3 -3 15 9a6b55
-2 -3 15 9a6b55
-1 -3 15 9a6b55
-4 -2 15 9a6b55
-3 -2 15 9a6b55
-2 -2 15 9a6b55
-1 -2 15 9a6b55
0 -10 0 663931
1 -10 0 663931
2 -10 0 663931
3 -10 0 663931
4 -10 0 9a6b55
5 -10 0 9a6b55
6 -10 0 9a6b55
7 -10 0 9a6b55
8 -10 0 9a6b55
9 -10 0 9a6b55
0 -9 0 9a6b55
1 -9 0 9a6b55
2 -9 0 9a6b55
3 -9 0 9a6b55
4 -9 0 9a6b55
5 -9 0 9a6b55
6 -9 0 9a6b55
7 -9 0 9a6b55
8 -9 0 9a6b55
9 -9 0 9a6b55
0 -8 0 9a6b55
1 -8 0 9a6b55
2 -8 0 9a6b55
3 -8 0 9a6b55
4 -8 0 9a6b55
5 -8 0 9a6b55
6 -8 0 9a6b55
7 -8 0 9a6b55
8 -8 0 9a6b55
9 -8 0 9a6b55
0 -7 0 9a6b55
1 -7 0 9a6b55
2 -7 0 9a6b55
3 -7 0 9a6b55
4 -7 0 9a6b55
5 -7 0 9a6b55
6 -7 0 9a6b55
7 -7 0 9a6b55
8 -7 0 9a6b55
9 -7 0 9a6b55
0 -6 0 9a6b55
1 -6 0 9a6b55
2 -6 0 9a6b55
3 -6 0 9a6b55
4 -6 0 9a6b55
5 -6 0 9a6b55
6 -6 0 9a6b55
7 -6 0 9a6b55
8 -6 0 9a6b55
9 -6 0 9a6b55
0 -5 0 9a6b55
1 -5 0 9a6b55
2 -5 0 9a6b55
3 -5 0 9a6b55
4 -5 0 9a6b55
5 -5 0 9a6b55
6 -5 0 9a6b55
7 -5 0 9a6b55
8 -5 0 9a6b55
9 -5 0 9a6b55
0 -4 0 9a6b55
1 -4 0 9a6b55
2 -4 0 9a6b55
3 -4 0 9a6b55
4 -4 0 9a6b55
5 -4 0 9a6b55
6 -4 0 9a6b55
7 -4 0 9a6b55
8 -4 0 9a6b55
9 -4 0 9a6b55
0 -3 0 9a6b55
1 -3 0 9a6b55
2 -3 0 9a6b55
3 -3 0 9a6b55
4 -3 0 9a6b55
5 -3 0 9a6b55
6 -3 0 9a6b55
7 -3 0 9a6b55
8 -3 0 9a6b55
9 -3 0 9a6b55
0 -2 0 9a6b55
1 -2 0 9a6b55
2 -2 0 9a6b55
3 -2 0 9a6b55
4 -2 0 9a6b55
5 -2 0 9a6b55
6 -2 0 9a6b55
7 -2 0 9a6b55
8 -2 0 9a6b55
9 -2 0 9a6b55
0 -1 0 9a6b55
1 -1 0 9a6b55
2 -1 0 9a6b55
3 -1 0 9a6b55
4 -1 0 9a6b55
5 -1 0 9a6b55
6 -1 0 9a6b55
7 -1 0 9a6b55
8 -1 0 9a6b55
9 -1 0 9a6b55
0 -10 1 663931
1 -10 1 000000
2 -10 1 663931
3 -10 1 663931
4 -10 1 996a54
5 -10 1 9a6b55
6 -10 1 9a6b55
7 -10 1 9a6b55
8 -10 1 9a6b55
9 -10 1 9a6b55
8 -9 1 9a6b55
9 -9 1 9a6b55
8 -8 1 9a6b55
9 -8 1 9a6b55
8 -7 1 9a6b55
9 -7 1 9a6b55
8 -6 1 9a6b55
9 -6 1 9a6b55
8 -5 1 9a6b55
9 -5 1 9a6b55
8 -4 1 9a6b55
9 -4 1 9a6b55
8 -3 1 9a6b55
9 -3 1 9a6b55
8 -2 1 9a6b55
9 -2 1 9a6b55
8 -1 1 9a6b55
9 -1 1 9a6b55
0 -10 2 663931
1 -10 2 000000
2 -10 2 663931
3 -10 2 663931
4 -10 2 996a54
5 -10 2 9a6b55
6 -10 2 9a6b55
7 -10 2 9a6b55
8 -10 2 9a6b55
9 -10 2 9a6b55
8 -9 2 9a6b55
9 -9 2 9a6b55
8 -8 2 9a6b55
9 -8 2 9a6b55
8 -7 2 9a6b55
9 -7 2 9a6b55
8 -6 2 9a6b55
9 -6 2 9a6b55
8 -5 2 9a6b55
9 -5 2 9a6b55
8 -4 2 9a6b55
9 -4 2 9a6b55
8 -3 2 9a6b55
9 -3 2 9a6b55
8 -2 2 9a6b55
9 -2 2 9a6b55
8 -1 2 9a6b55
9 -1 2 9a6b55
0 -10 3 663931
1 -10 3 663931
2 -10 3 663931
3 -10 3 663931
4 -10 3 996a54
5 -10 3 9a6b55
6 -10 3 9a6b55
7 -10 3 9a6b55
8 -10 3 9a6b55
9 -10 3 9a6b55
8 -9 3 9a6b55
9 -9 3 9a6b55
8 -8 3 9a6b55
9 -8 3 9a6b55
8 -7 3 9a6b55
9 -7 3 9a6b55
8 -6 3 9a6b55
9 -6 3 9a6b55
8 -5 3 9a6b55
9 -5 3 9a6b55
8 -4 3 9a6b55
9 -4 3 9a6b55
8 -3 3 9a6b55
9 -3 3 9a6b55
8 -2 3 9a6b55
9 -2 3 9a6b55
8 -1 3 9a6b55
9 -1 3 9a6b55
0 -10 4 663931
1 -10 4 663931
2 -10 4 663931
3 -10 4 663931
4 -10 4 996a54
5 -10 4 9a6b55
6 -10 4 9a6b55
7 -10 4 9a6b55
8 -10 4 9a6b55
9 -10 4 9a6b55
8 -9 4 9a6b55
9 -9 4 9a6b55
8 -8 4 9a6b55
9 -8 4 9a6b55
8 -7 4 9a6b55
9 -7 4 9a6b55
8 -6 4 9a6b55
9 -6 4 9a6b55
8 -5 4 9a6b55
9 -5 4 9a6b55
8 -4 4 9a6b55
9 -4 4 9a6b55
8 -3 4 9a6b55
9 -3 4 9a6b55
8 -2 4 9a6b55
9 -2 4 9a6b55
8 -1 4 9a6b55
9 -1 4 9a6b55
0 -10 5 996a54
1 -10 5 996a54
2 -10 5 996a54
3 -10 5 996a54
4 -10 5 996a54
5 -10 5 9a6b55
6 -10 5 9a6b55
7 -10 5 9a6b55
8 -10 5 9a6b55
9 -10 5 9a6b55
8 -9 5 9a6b55
9 -9 5 9a6b55
8 -8 5 9a6b55
9 -8 5 9a6b55
8 -7 5 9a6b55
9 -7 5 9a6b55
8 -6 5 9a6b55
9 -6 5 9a6b55
8 -5 5 9a6b55
9 -5 5 9a6b55
8 -4 5 9a6b55
9 -4 5 9a6b55
8 -3 5 9a6b55
9 -3 5 9a6b55
8 -2 5 9a6b55
9 -2 5 9a6b55
8 -1 5 9a6b55
9 -1 5 9a6b55
0 -10 6 996a54
1 -10 6 996a54
2 -10 6 996a54
3 -10 6 996a54
4 -10 6 9a6b55
5 -10 6 9a6b55
6 -10 6 9a6b55
7 -10 6 9a6b55
8 -10 6 9a6b55
9 -10 6 9a6b55
8 -9 6 9a6b55
9 -9 6 9a6b55
8 -8 6 9a6b55
9 -8 6 9a6b55
8 -7 6 9a6b55
9 -7 6 9a6b55
8 -6 6 9a6b55
9 -6 6 9a6b55
8 -5 6 9a6b55
9 -5 6 9a6b55
8 -4 6 9a6b55
9 -4 6 9a6b55
8 -3 6 9a6b55
9 -3 6 9a6b55
8 -2 6 9a6b55
9 -2 6 9a6b55
8 -1 6 9a6b55
9 -1 6 9a6b55
0 -10 7 996a54
2 -10 7 996a54
3 -10 7 996a54
4 -10 7 9a6b55
5 -10 7 9a6b55
6 -10 7 9a6b55
7 -10 7 9a6b55
8 -10 7 9a6b55
9 -10 7 9a6b55
0 -9 7 663931
1 -9 7 71af46
2 -9 7 663931
3 -9 7 663931
8 -9 7 9a6b55
9 -9 7 9a6b55
8 -8 7 9a6b55
9 -8 7 9a6b55
8 -7 7 9a6b55
9 -7 7 9a6b55
8 -6 7 9a6b55
9 -6 7 9a6b55
8 -5 7 9a6b55
9 -5 7 9a6b55
8 -4 7 9a6b55
9 -4 7 9a6b55
8 -3 7 9a6b55
9 -3 7 9a6b55
8 -2 7 9a6b55
9 -2 7 9a6b55
8 -1 7 9a6b55
9 -1 7 9a6b55
3 -10 8 996a54
4 -10 8 996a54
5 -10 8 996a54
6 -10 8 986953
7 -10 8 986953
8 -10 8 663931
9 -10 8 663931
10 -10 8 663931
0 -9 8 5da5b4
1 -9 8 ac3131
2 -9 8 71af46
3 -9 8 663931
4 -9 8 663931
5 -9 8 663931
6 -9 8 663931
7 -9 8 663931
8 -9 8 663931
9 -9 8 663931
10 -9 8 663931
0 -8 8 663931
1 -8 8 663931
2 -8 8 663931
3 -8 8 663931
4 -8 8 663931
5 -8 8 663931
6 -8 8 663931
7 -8 8 663931
8 -8 8 663931
9 -8 8 663931
10 -8 8 663931
0 -7 8 663931
1 -7 8 663931
2 -7 8 663931
3 -7 8 663931
4 -7 8 663931
5 -7 8 663931
6 -7 8 663931
7 -7 8 663931
8 -7 8 663931
9 -7 8 663931
10 -7 8 663931
0 -6 8 663931
1 -6 8 663931
2 -6 8 663931
3 -6 8 663931
4 -6 8 663931
5 -6 8 663931
6 -6 8 663931
7 -6 8 663931
8 -6 8 663931
9 -6 8 663931
10 -6 8 663931
0 -5 8 663931
1 -5 8 663931
2 -5 8 663931
3 -5 8 663931
4 -5 8 663931
5 -5 8 663931
6 -5 8 663931
7 -5 8 663931
8 -5 8 663931
9 -5 8 663931
10 -5 8 663931
0 -4 8 663931
1 -4 8 663931
2 -4 8 663931
3 -4 8 663931
4 -4 8 663931
5 -4 8 663931
6 -4 8 663931
7 -4 8 663931
8 -4 8 663931
9 -4 8 663931
10 -4 8 663931
0 -3 8 663931
1 -3 8 663931
2 -3 8 663931
3 -3 8 663931
4 -3 8 663931
5 -3 8 663931
6 -3 8 663931
7 -3 8 663931
8 -3 8 663931
9 -3 8 663931
10 -3 8 663931
0 -2 8 663931
1 -2 8 663931
2 -2 8 663931
3 -2 8 663931
4 -2 8 663931
5 -2 8 663931
6 -2 8 663931
7 -2 8 663931
8 -2 8 663931
9 -2 8 663931
10 -2 8 663931
0 -1 8 663931
1 -1 8 663931
2 -1 8 663931
3 -1 8 663931
4 -1 8 663931
5 -1 8 663931
6 -1 8 663931
7 -1 8 663931
8 -1 8 663931
9 -1 8 663931
10 -1 8 663931
4 -10 9 996a54
5 -10 9 996a54
6 -10 9 986953
7 -10 9 986953
8 -10 9 663931
0 -9 9 ac3131
1 -9 9 beb842
2 -9 9 5da5b4
3 -9 9 ac3131
4 -9 9 663931
5 -9 9 663931
6 -9 9 663931
7 -9 9 663931
8 -9 9 663931
0 -8 9 663931
1 -8 9 663931
2 -8 9 663931
3 -8 9 663931
4 -8 9 663931
5 -8 9 663931
6 -8 9 663931
7 -8 9 663931
8 -8 9 663931
0 -7 9 663931
1 -7 9 663931
2 -7 9 663931
3 -7 9 663931
4 -7 9 663931
5 -7 9 663931
6 -7 9 663931
7 -7 9 663931
8 -7 9 663931
0 -6 9 663931
1 -6 9 663931
2 -6 9 663931
3 -6 9 663931
4 -6 9 663931
5 -6 9 663931
6 -6 9 663931
7 -6 9 663931
8 -6 9 663931
0 -5 9 663931
1 -5 9 663931
2 -5 9 663931
3 -5 9 663931
4 -5 9 663931
5 -5 9 663931
6 -5 9 663931
7 -5 9 663931
8 -5 9 663931
0 -4 9 663931
1 -4 9 663931
2 -4 9 663931
3 -4 9 663931
4 -4 9 663931
5 -4 9 663931
6 -4 9 663931
7 -4 9 663931
8 -4 9 663931
0 -3 9 663931
1 -3 9 663931
2 -3 9 663931
3 -3 9 663931
4 -3 9 663931
5 -3 9 663931
6 -3 9 663931
7 -3 9 663931
8 -3 9 663931
0 -2 9 663931
1 -2 9 663931
2 -2 9 663931
3 -2 9 663931
4 -2 9 663931
5 -2 9 663931
6 -2 9 663931
7 -2 9 663931
8 -2 9 663931
0 -1 9 663931
1 -1 9 663931
2 -1 9 663931
3 -1 9 663931
4 -1 9 663931
5 -1 9 663931
6 -1 9 663931
7 -1 9 663931
8 -1 9 663931
4 -10 10 996a54
5 -10 10 996a54
6 -10 10 663931
7 -10 10 663931
8 -10 10 663931
0 -9 10 5da5b4
1 -9 10 71af46
2 -9 10 ac3131
3 -9 10 71af46
4 -9 10 663931
5 -9 10 663931
6 -9 10 663931
7 -9 10 663931
8 -9 10 663931
0 -8 10 663931
1 -8 10 663931
2 -8 10 663931
3 -8 10 663931
4 -8 10 663931
5 -8 10 663931
6 -8 10 663931
7 -8 10 663931
8 -8 10 663931
0 -7 10 663931
1 -7 10 663931
2 -7 10 663931
3 -7 10 663931
4 -7 10 663931
5 -7 10 663931
6 -7 10 663931
7 -7 10 663931
8 -7 10 663931
0 -6 10 663931
1 -6 10 663931
2 -6 10 663931
3 -6 10 663931
4 -6 10 663931
5 -6 10 663931
6 -6 10 663931
7 -6 10 663931
8 -6 10 663931
0 -5 10 663931
1 -5 10 663931
2 -5 10 663931
3 -5 10 663931
4 -5 10 663931
5 -5 10 663931
6 -5 10 663931
7 -5 10 663931
8 -5 10 663931
0 -4 10 663931
1 -4 10 663931
2 -4 10 663931
3 -4 10 663931
4 -4 10 663931
5 -4 10 663931
6 -4 10 663931
7 -4 10 663931
8 -4 10 663931
0 -3 10 663931
1 -3 10 663931
2 -3 10 663931
3 -3 10 663931
4 -3 10 663931
5 -3 10 663931
6 -3 10 663931
7 -3 10 663931
8 -3 10 663931
0 -2 10 663931
1 -2 10 663931
2 -2 10 663931
3 -2 10 663931
4 -2 10 663931
5 -2 10 663931
6 -2 10 663931
7 -2 10 663931
8 -2 10 663931
0 -1 10 663931
1 -1 10 663931
2 -1 10 663931
3 -1 10 663931
4 -1 10 663931
5 -1 10 663931
6 -1 10 663931
7 -1 10 663931
8 -1 10 663931
3 -10 11 996a54
4 -10 11 996a54
5 -10 11 996a54
6 -10 11 663931
0 -9 11 beb842
1 -9 11 ac3131
2 -9 11 5da5b4
3 -9 11 663931
4 -9 11 663931
5 -9 11 663931
6 -9 11 663931
0 -8 11 663931
1 -8 11 663931
2 -8 11 663931
3 -8 11 663931
4 -8 11 663931
5 -8 11 663931
6 -8 11 663931
0 -7 11 663931
1 -7 11 663931
2 -7 11 663931
3 -7 11 663931
4 -7 11 663931
5 -7 11 663931
6 -7 11 663931
0 -6 11 663931
1 -6 11 663931
2 -6 11 663931
3 -6 11 663931
4 -6 11 663931
5 -6 11 663931
6 -6 11 663931
0 -5 11 663931
1 -5 11 663931
2 -5 11 663931
3 -5 11 663931
4 -5 11 663931
5 -5 11 663931
6 -5 11 663931
0 -4 11 663931
1 -4 11 663931
2 -4 11 663931
3 -4 11 663931
4 -4 11 663931
5 -4 11 663931
6 -4 11 663931
0 -3 11 663931
1 -3 11 663931
2 -3 11 663931
3 -3 11 663931
4 -3 11 663931
5 -3 11 663931
6 -3 11 663931
0 -2 11 663931
1 -2 11 663931
2 -2 11 663931
3 -2 11 663931
4 -2 11 663931
5 -2 11 663931
6 -2 11 663931
0 -1 11 663931
1 -1 11 663931
2 -1 11 663931
3 -1 11 663931
4 -1 11 663931
5 -1 11 663931
6 -1 11 663931
0 -10 12 996a54
2 -10 12 996a54
3 -10 12 996a54
4 -10 12 996a54
5 -10 12 996a54
6 -10 12 663931
0 -9 12 663931
1 -9 12 5da5b4
2 -9 12 663931
3 -9 12 663931
4 -9 12 663931
5 -9 12 663931
6 -9 12 663931
0 -8 12 663931
1 -8 12 663931
2 -8 12 663931
3 -8 12 663931
4 -8 12 663931
5 -8 12 663931
6 -8 12 663931
0 -7 12 663931
1 -7 12 663931
2 -7 12 663931
3 -7 12 663931
4 -7 12 663931
5 -7 12 663931
6 -7 12 663931
0 -6 12 663931
1 -6 12 663931
2 -6 12 663931
3 -6 12 663931
4 -6 12 663931
5 -6 12 663931
6 -6 12 663931
0 -5 12 663931
1 -5 12 663931
2 -5 12 663931
3 -5 12 663931
4 -5 12 663931
5 -5 12 663931
6 -5 12 663931
0 -4 12 663931
1 -4 12 663931
2 -4 12 663931
3 -4 12 663931
4 -4 12 663931
5 -4 12 663931
6 -4 12 663931
0 -3 12 663931
1 -3 12 663931
2 -3 12 663931
3 -3 12 663931
4 -3 12 663931
5 -3 12 663931
6 -3 12 663931
0 -2 12 663931
1 -2 12 663931
2 -2 12 663931
3 -2 12 663931
4 -2 12 663931
5 -2 12 663931
6 -2 12 663931
0 -1 12 663931
1 -1 12 663931
2 -1 12 663931
3 -1 12 663931
4 -1 12 663931
5 -1 12 663931
6 -1 12 663931
0 -10 13 9a6b55
1 -10 13 9a6b55
2 -10 13 9a6b55
3 -10 13 9a6b55
4 -10 13 996a54
5 -10 13 9a6b55
0 -9 13 663931
1 -9 13 663931
2 -9 13 663931
3 -9 13 663931
4 -9 13 663931
5 -9 13 9a6b55
0 -8 13 663931
1 -8 13 663931
2 -8 13 663931
3 -8 13 663931
4 -8 13 663931
5 -8 13 9a6b55
0 -7 13 663931
1 -7 13 663931
2 -7 13 663931
3 -7 13 663931
4 -7 13 663931
5 -7 13 9a6b55
0 -6 13 663931
1 -6 13 663931
2 -6 13 663931
3 -6 13 663931
4 -6 13 663931
5 -6 13 9a6b55
0 -5 13 663931
1 -5 13 663931
2 -5 13 663931
3 -5 13 663931
4 -5 13 663931
5 -5 13 9a6b55
0 -4 13 9a6b55
1 -4 13 9a6b55
2 -4 13 9a6b55
3 -4 13 9a6b55
4 -4 13 9a6b55
5 -4 13 9a6b55
0 -3 13 9a6b55
1 -3 13 9a6b55
2 -3 13 9a6b55
3 -3 13 9a6b55
4 -3 13 9a6b55
5 -3 13 9a6b55
0 -2 13 9a6b55
1 -2 13 9a6b55
2 -2 13 9a6b55
3 -2 13 9a6b55
4 -2 13 9a6b55
5 -2 13 996a54
0 -1 13 663931
1 -1 13 663931
2 -1 13 663931
3 -1 13 663931
4 -1 13 663931
0 -10 14 996a54
1 -10 14 996a54
2 -10 14 996a54
3 -10 14 996a54
4 -10 14 996a54
5 -10 14 9a6b55
0 -9 14 663931
1 -9 14 663931
2 -9 14 663931
3 -9 14 663931
4 -9 14 663931
5 -9 14 9a6b55
0 -8 14 663931
1 -8 14 663931
2 -8 14 663931
3 -8 14 663931
4 -8 14 663931
5 -8 14 9a6b55
0 -7 14 663931
1 -7 14 663931
2 -7 14 663931
3 -7 14 663931
4 -7 14 663931
5 -7 14 9a6b55
0 -6 14 663931
1 -6 14 663931
2 -6 14 663931
3 -6 14 663931
4 -6 14 663931
5 -6 14 9a6b55
0 -5 14 663931
1 -5 14 663931
2 -5 14 663931
3 -5 14 663931
4 -5 14 663931
5 -5 14 9a6b55
0 -4 14 9a6b55
1 -4 14 9a6b55
2 -4 14 9a6b55
3 -4 14 9a6b55
4 -4 14 9a6b55
5 -4 14 9a6b55
0 -3 14 9a6b55
1 -3 14 9a6b55
2 -3 14 9a6b55
3 -3 14 9a6b55
4 -3 14 9a6b55
5 -3 14 9a6b55
0 -2 14 663931
1 -2 14 663931
2 -2 14 663931
3 -2 14 663931
4 -2 14 663931
5 -2 14 996a54
0 -1 14 663931
1 -1 14 663931
2 -1 14 663931
3 -1 14 663931
4 -1 14 663931
0 -10 15 9a6b55
1 -10 15 9a6b55
2 -10 15 9a6b55
3 -10 15 9a6b55
4 -10 15 9a6b55
5 -10 15 9a6b55
0 -9 15 9a6b55
1 -9 15 9a6b55
2 -9 15 9a6b55
3 -9 15 9a6b55
4 -9 15 9a6b55
5 -9 15 9a6b55
0 -8 15 9a6b55
1 -8 15 9a6b55
2 -8 15 9a6b55
3 -8 15 9a6b55
4 -8 15 9a6b55
5 -8 15 9a6b55
0 -7 15 9a6b55
1 -7 15 9a6b55
2 -7 15 9a6b55
3 -7 15 9a6b55
4 -7 15 9a6b55
5 -7 15 9a6b55
0 -6 15 9a6b55
1 -6 15 9a6b55
2 -6 15 9a6b55
3 -6 15 9a6b55
4 -6 15 9a6b55
5 -6 15 9a6b55
0 -5 15 9a6b55
1 -5 15 9a6b55
2 -5 15 9a6b55
3 -5 15 9a6b55
4 -5 15 9a6b55
5 -5 15 9a6b55
0 -4 15 9a6b55
1 -4 15 9a6b55
2 -4 15 9a6b55
3 -4 15 9a6b55
4 -4 15 9a6b55
5 -4 15 9a6b55
0 -3 15 9a6b55
1 -3 15 9a6b55
2 -3 15 9a6b55
3 -3 15 9a6b55
4 -3 15 9a6b55
5 -3 15 9a6b55
0 -2 15 9a6b55
1 -2 15 9a6b55
2 -2 15 9a6b55
3 -2 15 9a6b55
4 -2 15 9a6b55
5 -2 15 9a6b55
-8 0 0 9a6b55
-7 0 0 9a6b55
-6 0 0 9a6b55
-5 0 0 9a6b55
-4 0 0 9a6b55
-3 0 0 9a6b55
-2 0 0 9a6b55
-1 0 0 9a6b55
-8 1 0 9a6b55
-7 1 0 9a6b55
-6 1 0 9a6b55
-5 1 0 9a6b55
-4 1 0 9a6b55
-3 1 0 9a6b55
-2 1 0 9a6b55
-1 1 0 9a6b55
-8 2 0 9a6b55
-7 2 0 9a6b55
-6 2 0 9a6b55
-5 2 0 9a6b55
-4 2 0 9a6b55
-3 2 0 9a6b55
-2 2 0 9a6b55
-1 2 0 9a6b55
-8 3 0 9a6b55
-7 3 0 9a6b55
-6 3 0 9a6b55
-5 3 0 9a6b55
-4 3 0 9a6b55
-3 3 0 9a6b55
-2 3 0 9a6b55
-1 3 0 9a6b55
-8 4 0 9a6b55
-7 4 0 9a6b55
-6 4 0 9a6b55
-5 4 0 9a6b55
-4 4 0 9a6b55
-3 4 0 9a6b55
-2 4 0 9a6b55
-1 4 0 9a6b55
-8 5 0 9a6b55
-7 5 0 9a6b55
-6 5 0 9a6b55
-5 5 0 9a6b55
-4 5 0 9a6b55
-3 5 0 9a6b55
-2 5 0 9a6b55
-1 5 0 9a6b55
-8 6 0 9a6b55
-7 6 0 9a6b55
-6 6 0 9a6b55
-5 6 0 9a6b55
-4 6 0 9a6b55
-3 6 0 9a6b55
-2 6 0 9a6b55
-1 6 0 9a6b55
-8 7 0 9a6b55
-7 7 0 9a6b55
-6 7 0 9a6b55
-5 7 0 9a6b55
-4 7 0 9a6b55
-3 7 0 9a6b55
-2 7 0 9a6b55
-1 7 0 9a6b55
-8 8 0 9a6b55
-7 8 0 9a6b55
-6 8 0 9a6b55
-5 8 0 9a6b55
-4 8 0 9a6b55
-3 8 0 9a6b55
-2 8 0 9a6b55
-1 8 0 9a6b55
-8 9 0 9a6b55
-7 9 0 9a6b55
-6 9 0 9a6b55
-5 9 0 9a6b55
-4 9 0 9a6b55
-3 9 0 9a6b55
-2 9 0 9a6b55
-1 9 0 9a6b55
-8 10 0 9a6b55
-7 10 0 9a6b55
-6 10 0 9a6b55
-5 10 0 9a6b55
-4 10 0 9a6b55
-3 10 0 9a6b55
-2 10 0 9a6b55
-1 10 0 9a6b55
-8 11 0 9a6b55
-7 11 0 9a6b55
-6 11 0 9a6b55
-5 11 0 9a6b55
-4 11 0 9a6b55
-3 11 0 9a6b55
-2 11 0 9a6b55
-1 11 0 9a6b55
-8 12 0 9a6b55
-7 12 0 9a6b55
-6 12 0 9a6b55
-5 12 0 9a6b55
-4 12 0 9a6b55
-3 12 0 9a6b55
-2 12 0 9a6b55
-1 12 0 9a6b55
-8 0 1 9a6b55
-7 0 1 9a6b55
-8 1 1 9a6b55
-7 1 1 9a6b55
-8 2 1 9a6b55
-7 2 1 9a6b55
-8 3 1 9a6b55
-7 3 1 9a6b55
-8 4 1 9a6b55
-7 4 1 9a6b55
-8 5 1 9a6b55
-7 5 1 9a6b55
-6 5 1 9a6b55
-5 5 1 9a6b55
-4 5 1 9a6b55
-3 5 1 9a6b55
-2 5 1 9a6b55
-1 5 1 9a6b55
-8 6 1 9a6b55
-7 6 1 9a6b55
-6 6 1 9a6b55
-5 6 1 9a6b55
-4 6 1 9a6b55
-3 6 1 9a6b55
-2 6 1 9a6b55
-1 6 1 9a6b55
-8 7 1 9a6b55
-7 7 1 9a6b55
-6 7 1 9a6b55
-5 7 1 9a6b55
-4 7 1 9a6b55
-3 7 1 9a6b55
-2 7 1 9a6b55
-1 7 1 9a6b55
-8 8 1 9a6b55
-7 8 1 9a6b55
-6 8 1 9a6b55
-5 8 1 9a6b55
-4 8 1 9a6b55
-3 8 1 9a6b55
-2 8 1 9a6b55
-1 8 1 9a6b55
-8 9 1 9a6b55
-7 9 1 9a6b55
-6 9 1 9a6b55
-5 9 1 9a6b55
-4 9 1 9a6b55
-3 9 1 9a6b55
-2 9 1 9a6b55
-1 9 1 9a6b55
-8 10 1 9a6b55
-7 10 1 9a6b55
-6 10 1 9a6b55
-5 10 1 9a6b55
-4 10 1 9a6b55
-3 10 1 9a6b55
-2 10 1 9a6b55
-1 10 1 9a6b55
-8 11 1 9a6b55
-7 11 1 9a6b55
-6 11 1 9a6b55
-5 11 1 9a6b55
-4 11 1 9a6b55
-3 11 1 9a6b55
-2 11 1 9a6b55
-1 11 1 9a6b55
-8 12 1 9a6b55
-7 12 1 9a6b55
-6 12 1 9a6b55
-5 12 1 9a6b55
-4 12 1 9a6b55
-3 12 1 9a6b55
-2 12 1 9a6b55
-1 12 1 9a6b55
-8 0 2 9a6b55
-7 0 2 9a6b55
-8 1 2 9a6b55
-7 1 2 9a6b55
-8 2 2 9a6b55
-7 2 2 9a6b55
-8 3 2 9a6b55
-7 3 2 9a6b55
-8 4 2 9a6b55
-7 4 2 9a6b55
-6 4 2 ffffff
-5 4 2 ffffff
-4 4 2 ffffff
-3 4 2 ffffff
-8 5 2 9a6b55
-7 5 2 9a6b55
-6 5 2 9a6b55
-5 5 2 9a6b55
-4 5 2 9a6b55
-3 5 2 9a6b55
-2 5 2 9a6b55
-1 5 2 9a6b55
-8 6 2 9a6b55
-7 6 2 9a6b55
-6 6 2 9a6b55
-5 6 2 9a6b55
-4 6 2 9a6b55
-3 6 2 9a6b55
-2 6 2 9a6b55
-1 6 2 9a6b55
-8 7 2 9a6b55
-7 7 2 9a6b55
-6 7 2 9a6b55
-5 7 2 9a6b55
-4 7 2 9a6b55
-3 7 2 9a6b55
-2 7 2 9a6b55
-1 7 2 9a6b55
-8 8 2 9a6b55
-7 8 2 9a6b55
-6 8 2 9a6b55
-5 8 2 9a6b55
-4 8 2 9a6b55
-3 8 2 9a6b55
-2 8 2 9a6b55
-1 8 2 9a6b55
-8 9 2 9a6b55
-7 9 2 9a6b55
-6 9 2 9a6b55
-5 9 2 9a6b55
-4 9 2 9a6b55
-3 9 2 9a6b55
-2 9 2 9a6b55
-1 9 2 9a6b55
-8 10 2 9a6b55
-7 10 2 9a6b55
-6 10 2 9a6b55
-5 10 2 9a6b55
-4 10 2 9a6b55
-3 10 2 9a6b55
-2 10 2 9a6b55
-1 10 2 9a6b55
-8 11 2 9a6b55
-7 11 2 9a6b55
-6 11 2 9a6b55
-5 11 2 9a6b55
-4 11 2 9a6b55
-3 11 2 9a6b55
-2 11 2 9a6b55
-1 11 2 9a6b55
-8 12 2 9a6b55
-7 12 2 9a6b55
-6 12 2 9a6b55
-5 12 2 9a6b55
-4 12 2 9a6b55
-3 12 2 9a6b55
-2 12 2 9a6b55
-1 12 2 9a6b55
-8 0 3 9a6b55
-7 0 3 9a6b55
-8 1 3 9a6b55
-7 1 3 9a6b55
-8 2 3 9a6b55
-7 2 3 9a6b55
-8 3 3 9a6b55
-7 3 3 9a6b55
-8 4 3 9a6b55
-7 4 3 9a6b55
-6 4 3 ffffff
-5 4 3 ffffff
-4 4 3 ffffff
-3 4 3 ffffff
-2 4 3 ffffff
-1 4 3 ffffff
-8 5 3 9a6b55
-7 5 3 9a6b55
-6 5 3 9a6b55
-5 5 3 9a6b55
-4 5 3 9a6b55
-3 5 3 9a6b55
-2 5 3 9a6b55
-1 5 3 9a6b55
-8 6 3 9a6b55
-7 6 3 9a6b55
-6 6 3 9a6b55
-5 6 3 9a6b55
-4 6 3 9a6b55
-3 6 3 9a6b55
-2 6 3 9a6b55
-1 6 3 9a6b55
-8 7 3 9a6b55
-7 7 3 9a6b55
-6 7 3 9a6b55
-5 7 3 9a6b55
-4 7 3 9a6b55
-3 7 3 9a6b55
-2 7 3 9a6b55
-1 7 3 9a6b55
-8 8 3 9a6b55
-7 8 3 9a6b55
-6 8 3 9a6b55
-5 8 3 9a6b55
-4 8 3 9a6b55
-3 8 3 9a6b55
-2 8 3 9a6b55
-1 8 3 9a6b55
-8 9 3 9a6b55
-7 9 3 9a6b55
-6 9 3 9a6b55
-5 9 3 9a6b55
-4 9 3 9a6b55
-3 9 3 9a6b55
-2 9 3 9a6b55
-1 9 3 9a6b55
-8 10 3 9a6b55
-7 10 3 9a6b55
-6 10 3 9a6b55
-5 10 3 9a6b55
-4 10 3 9a6b55
-3 10 3 9a6b55
-2 10 3 9a6b55
-1 10 3 9a6b55
-8 11 3 9a6b55
-7 11 3 9a6b55
-6 11 3 9a6b55
-5 11 3 9a6b55
-4 11 3 9a6b55
-3 11 3 9a6b55
-2 11 3 9a6b55
-1 11 3 9a6b55
-8 12 3 9a6b55
-7 12 3 9a6b55
-6 12 3 9a6b55
-5 12 3 9a6b55
-4 12 3 9a6b55
-3 12 3 9a6b55
-2 12 3 9a6b55
-1 12 3 9a6b55
-8 0 4 9a6b55
-7 0 4 9a6b55
-8 1 4 9a6b55
-7 1 4 9a6b55
-8 2 4 9a6b55
-7 2 4 9a6b55
-8 3 4 9a6b55
-7 3 4 9a6b55
-8 4 4 9a6b55
-7 4 4 9a6b55
-6 4 4 cbdbfc
-5 4 4 cbdbfc
-4 4 4 cbdbfc
-3 4 4 cbdbfc
-2 4 4 cbdbfc
-1 4 4 cbdbfc
-8 5 4 9a6b55
-7 5 4 9a6b55
-6 5 4 9a6b55
-5 5 4 9a6b55
-4 5 4 9a6b55
-3 5 4 9a6b55
-2 5 4 9a6b55
-1 5 4 9a6b55
-8 6 4 9a6b55
-7 6 4 9a6b55
-6 6 4 9a6b55
-5 6 4 9a6b55
-4 6 4 9a6b55
-3 6 4 9a6b55
-2 6 4 9a6b55
-1 6 4 9a6b55
-8 7 4 9a6b55
-7 7 4 9a6b55
-6 7 4 9a6b55
-5 7 4 9a6b55
-4 7 4 9a6b55
-3 7 4 9a6b55
-2 7 4 9a6b55
-1 7 4 9a6b55
-8 8 4 9a6b55
-7 8 4 9a6b55
-6 8 4 9a6b55
-5 8 4 9a6b55
-4 8 4 9a6b55
-3 8 4 9a6b55
-2 8 4 9a6b55
-1 8 4 9a6b55
-8 9 4 9a6b55
-7 9 4 9a6b55
-6 9 4 9a6b55
-5 9 4 9a6b55
-4 9 4 9a6b55
-3 9 4 9a6b55
-2 9 4 9a6b55
-1 9 4 9a6b55
-8 10 4 9a6b55
-7 10 4 9a6b55
-6 10 4 9a6b55
-5 10 4 9a6b55
-4 10 4 9a6b55
-3 10 4 9a6b55
-2 10 4 9a6b55
-1 10 4 9a6b55
-8 11 4 9a6b55
-7 11 4 9a6b55
-6 11 4 9a6b55
-5 11 4 9a6b55
-4 11 4 9a6b55
-3 11 4 9a6b55
-2 11 4 9a6b55
-1 11 4 9a6b55
-8 12 4 9a6b55
-7 12 4 9a6b55
-6 12 4 9a6b55
-5 12 4 9a6b55
-4 12 4 9a6b55
-3 12 4 9a6b55
-2 12 4 9a6b55
-1 12 4 9a6b55
-8 0 5 9a6b55
-7 0 5 9a6b55
-8 1 5 9a6b55
-7 1 5 9a6b55
-8 2 5 9a6b55
-7 2 5 9a6b55
-8 3 5 9a6b55
-7 3 5 9a6b55
-8 4 5 9a6b55
-7 4 5 9a6b55
-6 4 5 cbdbfc
-5 4 5 cbdbfc
-4 4 5 cbdbfc
-3 4 5 cbdbfc
-2 4 5 cbdbfc
-1 4 5 663931
-8 5 5 9a6b55
-7 5 5 9a6b55
-6 5 5 9a6b55
-5 5 5 9a6b55
-4 5 5 9a6b55
-3 5 5 9a6b55
-2 5 5 9a6b55
-1 5 5 9a6b55
-8 6 5 9a6b55
-7 6 5 9a6b55
-6 6 5 9a6b55
-5 6 5 9a6b55
-4 6 5 9a6b55
-3 6 5 9a6b55
-2 6 5 9a6b55
-1 6 5 9a6b55
-8 7 5 9a6b55
-7 7 5 9a6b55
-6 7 5 9a6b55
-5 7 5 9a6b55
-4 7 5 9a6b55
-3 7 5 9a6b55
-2 7 5 9a6b55
-1 7 5 9a6b55
-8 8 5 9a6b55
-7 8 5 9a6b55
-6 8 5 9a6b55
-5 8 5 9a6b55
-4 8 5 9a6b55
-3 8 5 9a6b55
-2 8 5 9a6b55
-1 8 5 9a6b55
-8 9 5 9a6b55
-7 9 5 9a6b55
-6 9 5 9a6b55
-5 9 5 9a6b55
-4 9 5 9a6b55
-3 9 5 9a6b55
-2 9 5 9a6b55
-1 9 5 9a6b55
-8 10 5 9a6b55
-7 10 5 9a6b55
-6 10 5 9a6b55
-5 10 5 9a6b55
-4 10 5 9a6b55
-3 10 5 9a6b55
-2 10 5 9a6b55
-1 10 5 9a6b55
-8 11 5 9a6b55
-7 11 5 9a6b55
-6 11 5 9a6b55
-5 11 5 9a6b55
-4 11 5 9a6b55
-3 11 5 9a6b55
-2 11 5 9a6b55
-1 11 5 9a6b55
-8 12 5 9a6b55
-7 12 5 9a6b55
-6 12 5 9a6b55
-5 12 5 9a6b55
-4 12 5 9a6b55
-3 12 5 9a6b55
-2 12 5 9a6b55
-1 12 5 9a6b55
-8 0 6 9a6b55
-7 0 6 9a6b55
-8 1 6 9a6b55
-7 1 6 9a6b55
-8 2 6 9a6b55
-7 2 6 9a6b55
-8 3 6 9a6b55
-7 3 6 9a6b55
-8 4 6 9a6b55
-7 4 6 9a6b55
-6 4 6 ffffff
-5 4 6 ffffff
-4 4 6 ffffff
-3 4 6 ffffff
-2 4 6 ffffff
-1 4 6 ffffff
-8 5 6 9a6b55
-7 5 6 9a6b55
-6 5 6 9a6b55
-5 5 6 996a54
-4 5 6 9a6b55
-3 5 6 9a6b55
-2 5 6 9a6b55
-1 5 6 9a6b55
-8 6 6 9a6b55
-7 6 6 9a6b55
-6 6 6 9a6b55
-5 6 6 9a6b55
-4 6 6 9a6b55
-3 6 6 9a6b55
-2 6 6 9a6b55
-1 6 6 9a6b55
-8 7 6 9a6b55
-7 7 6 9a6b55
-6 7 6 9a6b55
-5 7 6 9a6b55
-4 7 6 9a6b55
-3 7 6 9a6b55
-2 7 6 9a6b55
-1 7 6 9a6b55
-8 8 6 9a6b55
-7 8 6 9a6b55
-6 8 6 9a6b55
-5 8 6 9a6b55
-4 8 6 9a6b55
-3 8 6 9a6b55
-2 8 6 9a6b55
-1 8 6 9a6b55
-8 9 6 9a6b55
-7 9 6 9a6b55
-6 9 6 9a6b55
-5 9 6 9a6b55
-4 9 6 9a6b55
-3 9 6 9a6b55
-2 9 6 9a6b55
-1 9 6 9a6b55
-8 10 6 9a6b55
-7 10 6 9a6b55
-6 10 6 9a6b55
-5 10 6 9a6b55
-4 10 6 9a6b55
-3 10 6 9a6b55
-2 10 6 9a6b55
-1 10 6 9a6b55
-8 11 6 9a6b55
-7 11 6 9a6b55
-6 11 6 9a6b55
-5 11 6 9a6b55
-4 11 6 9a6b55
-3 11 6 9a6b55
-2 11 6 9a6b55
-1 11 6 9a6b55
-8 12 6 9a6b55
-7 12 6 9a6b55
-6 12 6 9a6b55
-5 12 6 9a6b55
-4 12 6 9a6b55
-3 12 6 9a6b55
-2 12 6 9a6b55
-1 12 6 9a6b55
-8 0 7 9a6b55
-7 0 7 9a6b55
-8 1 7 9a6b55
-7 1 7 9a6b55
-8 2 7 9a6b55
-7 2 7 9a6b55
-8 3 7 9a6b55
-7 3 7 9a6b55
-8 4 7 9a6b55
-7 4 7 9a6b55
-8 5 7 9a6b55
-7 5 7 9a6b55
-6 5 7 9a6b55
-5 5 7 9a6b55
-4 5 7 9a6b55
-3 5 7 9a6b55
-2 5 7 9a6b55
-1 5 7 9a6b55
-8 6 7 9a6b55
-7 6 7 9a6b55
-6 6 7 9a6b55
-5 6 7 9a6b55
-4 6 7 9a6b55
-3 6 7 9a6b55
-2 6 7 9a6b55
-1 6 7 9a6b55
-8 7 7 9a6b55
-7 7 7 9a6b55
-6 7 7 9a6b55
-5 7 7 9a6b55
-4 7 7 9a6b55
-3 7 7 9a6b55
-2 7 7 9a6b55
-1 7 7 9a6b55
-8 8 7 9a6b55
-7 8 7 9a6b55
-6 8 7 9a6b55
-5 8 7 9a6b55
-4 8 7 9a6b55
-3 8 7 9a6b55
-2 8 7 9a6b55
-1 8 7 9a6b55
-8 9 7 9a6b55
-7 9 7 9a6b55
-6 9 7 9a6b55
-5 9 7 9a6b55
-4 9 7 9a6b55
-3 9 7 9a6b55
-2 9 7 9a6b55
-1 9 7 9a6b55
-8 10 7 9a6b55
-7 10 7 9a6b55
-6 10 7 9a6b55
-5 10 7 9a6b55
-4 10 7 9a6b55
-3 10 7 9a6b55
-2 10 7 9a6b55
-1 10 7 9a6b55
-8 11 7 9a6b55
-7 11 7 9a6b55
-6 11 7 9a6b55
-5 11 7 9a6b55
-4 11 7 9a6b55
-3 11 7 9a6b55
-2 11 7 9a6b55
-1 11 7 9a6b55
-8 12 7 9a6b55
-7 12 7 9a6b55
-6 12 7 9a6b55
-5 12 7 9a6b55
-4 12 7 9a6b55
-3 12 7 9a6b55
-2 12 7 9a6b55
-1 12 7 9a6b55
-9 0 8 663931
-8 0 8 663931
-7 0 8 663931
-6 0 8 663931
-5 0 8 663931
-4 0 8 663931
-3 0 8 663931
-2 0 8 663931
-1 0 8 663931
-9 1 8 663931
-8 1 8 663931
-7 1 8 663931
-6 1 8 663931
-5 1 8 663931
-4 1 8 663931
-3 1 8 663931
-2 1 8 663931
-1 1 8 663931
-9 2 8 663931
-8 2 8 663931
-7 2 8 663931
-6 2 8 663931
-5 2 8 663931
-4 2 8 663931
-3 2 8 663931
-2 2 8 663931
-1 2 8 663931
-9 3 8 663931
-8 3 8 663931
-7 3 8 663931
-6 3 8 663931
-5 3 8 663931
-4 3 8 663931
-3 3 8 663931
-2 3 8 663931
-1 3 8 663931
-9 4 8 663931
-8 4 8 663931
-7 4 8 663931
-6 4 8 663931
-5 4 8 663931
-4 4 8 663931
-3 4 8 663931
-2 4 8 663931
-1 4 8 663931
-9 5 8 663931
-8 5 8 663931
-7 5 8 663931
-6 5 8 663931
-5 5 8 663931
-4 5 8 663931
-3 5 8 663931
-2 5 8 663931
-1 5 8 663931
-9 6 8 663931
-8 6 8 663931
-7 6 8 663931
-6 6 8 663931
-5 6 8 663931
-4 6 8 663931
-3 6 8 663931
-2 6 8 663931
-1 6 8 663931
-9 7 8 663931
-8 7 8 663931
-7 7 8 663931
-6 7 8 663931
-5 7 8 663931
-4 7 8 663931
-3 7 8 663931
-2 7 8 663931
-1 7 8 663931
-9 8 8 663931
-8 8 8 663931
-7 8 8 663931
-6 8 8 663931
-5 8 8 663931
-4 8 8 663931
-3 8 8 663931
-2 8 8 663931
-1 8 8 663931
-9 9 8 663931
-8 9 8 663931
-7 9 8 663931
-6 9 8 663931
-5 9 8 663931
-4 9 8 663931
-3 9 8 663931
-2 9 8 663931
-1 9 8 663931
-9 10 8 663931
-8 10 8 663931
-7 10 8 663931
-6 10 8 663931
-5 10 8 663931
-4 10 8 663931
-3 10 8 663931
-2 10 8 663931
-1 10 8 663931
-9 11 8 663931
-8 11 8 663931
-7 11 8 663931
-6 11 8 663931
-5 11 8 663931
-4 11 8 663931
-3 11 8 663931
-2 11 8 663931
-1 11 8 663931
-9 12 8 663931
-8 12 8 663931
-7 12 8 663931
-6 12 8 996a54
-5 12 8 996a54
-4 12 8 996a54
-3 12 8 996a54
-2 12 8 996a54
-1 12 8 996a54
-7 0 9 663931
-6 0 9 663931
-5 0 9 663931
-4 0 9 663931
-3 0 9 663931
-2 0 9 663931
-1 0 9 663931
-7 1 9 663931
-6 1 9 663931
-5 1 9 663931
-4 1 9 663931
-3 1 9 663931
-2 1 9 663931
-1 1 9 663931
-7 2 9 663931
-6 2 9 663931
-5 2 9 663931
-4 2 9 663931
-3 2 9 663931
-2 2 9 663931
-1 2 9 663931
-7 3 9 663931
-6 3 9 663931
-5 3 9 663931
-4 3 9 663931
-3 3 9 663931
-2 3 9 663931
-1 3 9 663931
-7 4 9 663931
-6 4 9 663931
-5 4 9 663931
-4 4 9 663931
-3 4 9 663931
-2 4 9 663931
-1 4 9 663931
-7 5 9 663931
-6 5 9 663931
-5 5 9 663931
-4 5 9 663931
-3 5 9 663931
-2 5 9 663931
-1 5 9 663931
-7 6 9 663931
-6 6 9 663931
-5 6 9 663931
-4 6 9 663931
-3 6 9 663931
-2 6 9 663931
-1 6 9 663931
-7 7 9 663931
-6 7 9 663931
-5 7 9 663931
-4 7 9 663931
-3 7 9 663931
-2 7 9 663931
-1 7 9 663931
-7 8 9 663931
-6 8 9 663931
-5 8 9 663931
-4 8 9 663931
-3 8 9 663931
-2 8 9 663931
-1 8 9 663931
-7 9 9 663931
-6 9 9 663931
-5 9 9 663931
-4 9 9 663931
-3 9 9 663931
-2 9 9 663931
-1 9 9 663931
-7 10 9 663931
-6 10 9 663931
-5 10 9 663931
-4 10 9 663931
-3 10 9 663931
-2 10 9 663931
-1 10 9 663931
-7 11 9 663931
-6 11 9 663931
-5 11 9 663931
-4 11 9 663931
-3 11 9 663931
-2 11 9 663931
-1 11 9 663931
-7 12 9 663931
-6 12 9 996a54
-5 12 9 996a54
-4 12 9 996a54
-3 12 9 996a54
-2 12 9 996a54
-1 12 9 996a54
-7 0 10 663931
-6 0 10 663931
-5 0 10 663931
-4 0 10 663931
-3 0 10 663931
-2 0 10 663931
-1 0 10 663931
-7 1 10 663931
-6 1 10 663931
-5 1 10 663931
-4 1 10 663931
-3 1 10 663931
-2 1 10 663931
-1 1 10 663931
-7 2 10 663931
-6 2 10 663931
-5 2 10 663931
-4 2 10 663931
-3 2 10 663931
-2 2 10 663931
-1 2 10 663931
-7 3 10 663931
-6 3 10 663931
-5 3 10 663931
-4 3 10 663931
-3 3 10 663931
-2 3 10 663931
-1 3 10 663931
-7 4 10 663931
-6 4 10 663931
-5 4 10 663931
-4 4 10 663931
-3 4 10 663931
-2 4 10 663931
-1 4 10 663931
-7 5 10 663931
-6 5 10 663931
-5 5 10 663931
-4 5 10 663931
-3 5 10 663931
-2 5 10 663931
-1 5 10 663931
-7 6 10 663931
-6 6 10 663931
-5 6 10 663931
-4 6 10 663931
-3 6 10 663931
-2 6 10 663931
-1 6 10 663931
-7 7 10 663931
-6 7 10 663931
-5 7 10 663931
-4 7 10 663931
-3 7 10 663931
-2 7 10 663931
-1 7 10 663931
-7 8 10 663931
-6 8 10 663931
-5 8 10 663931
-4 8 10 663931
-3 8 10 663931
-2 8 10 663931
-1 8 10 663931
-7 9 10 663931
-6 9 10 663931
-5 9 10 663931
-4 9 10 663931
-3 9 10 663931
-2 9 10 663931
-1 9 10 663931
-7 10 10 663931
-6 10 10 663931
-5 10 10 663931
-4 10 10 663931
-3 10 10 663931
-2 10 10 663931
-1 10 10 663931
-7 11 10 663931
-6 11 10 663931
-5 11 10 663931
-4 11 10 663931
-3 11 10 663931
-2 11 10 663931
-1 11 10 663931
-7 12 10 663931
-6 12 10 663931
-5 12 10 663931
-4 12 10 996a54
-3 12 10 996a54
-2 12 10 996a54
-1 12 10 996a54
-5 0 11 663931
-4 0 11 663931
-3 0 11 663931
-2 0 11 663931
-1 0 11 663931
-5 1 11 663931
-4 1 11 663931
-3 1 11 663931
-2 1 11 663931
-1 1 11 663931
-5 2 11 663931
-4 2 11 663931
-3 2 11 663931
-2 2 11 663931
-1 2 11 663931
-5 3 11 663931
-4 3 11 663931
-3 3 11 663931
-2 3 11 663931
-1 3 11 663931
-5 4 11 663931
-4 4 11 663931
-3 4 11 663931
-2 4 11 663931
-1 4 11 663931
-5 5 11 663931
-4 5 11 663931
-3 5 11 663931
-2 5 11 663931
-1 5 11 663931
-5 6 11 663931
-4 6 11 663931
-3 6 11 663931
-2 6 11 663931
-1 6 11 663931
-5 7 11 663931
-4 7 11 663931
-3 7 11 663931
-2 7 11 663931
-1 7 11 663931
-5 8 11 663931
-4 8 11 663931
-3 8 11 663931
-2 8 11 663931
-1 8 11 663931
-5 9 11 663931
-4 9 11 663931
-3 9 11 663931
-2 9 11 663931
-1 9 11 663931
-5 10 11 663931
-4 10 11 663931
-3 10 11 663931
-2 10 11 663931
-1 10 11 663931
-5 11 11 663931
-4 11 11 663931
-3 11 11 663931
-2 11 11 663931
-1 11 11 663931
-5 12 11 663931
-4 12 11 663931
-3 12 11 996a54
-2 12 11 996a54
-1 12 11 996a54
-5 0 12 663931
-4 0 12 663931
-3 0 12 663931
-2 0 12 663931
-1 0 12 663931
-5 1 12 663931
-4 1 12 663931
-3 1 12 663931
-2 1 12 663931
-1 1 12 663931
-5 2 12 663931
-4 2 12 663931
-3 2 12 663931
-2 2 12 663931
-1 2 12 663931
-5 3 12 663931
-4 3 12 663931
-3 3 12 663931
-2 3 12 663931
-1 3 12 663931
-5 4 12 663931
-4 4 12 663931
-3 4 12 663931
-2 4 12 663931
-1 4 12 663931
-5 5 12 663931
-4 5 12 663931
-3 5 12 663931
-2 5 12 663931
-1 5 12 663931
-5 6 12 663931
-4 6 12 663931
-3 6 12 663931
-2 6 12 663931
-1 6 12 663931
-5 7 12 663931
-4 7 12 663931
-3 7 12 663931
-2 7 12 663931
-1 7 12 663931
-5 8 12 663931
-4 8 12 663931
-3 8 12 663931
-2 8 12 663931
-1 8 12 663931
-5 9 12 663931
-4 9 12 663931
-3 9 12 663931
-2 9 12 663931
-1 9 12 663931
-5 10 12 663931
-4 10 12 663931
-3 10 12 663931
-2 10 12 663931
-1 10 12 663931
-5 11 12 663931
-4 11 12 663931
-3 11 12 663931
-2 11 12 663931
-1 11 12 663931
-5 12 12 663931
-4 12 12 663931
-3 12 12 663931
-2 12 12 996a54
-1 12 12 996a54
-3 0 13 663931
-2 0 13 663931
-1 0 13 663931
-3 1 13 663931
-2 1 13 663931
-1 1 13 663931
-3 2 13 663931
-2 2 13 663931
-1 2 13 663931
-3 3 13 663931
-2 3 13 663931
-1 3 13 663931
-3 4 13 663931
-2 4 13 663931
-1 4 13 663931
-3 5 13 663931
-2 5 13 9a6b55
-1 5 13 9a6b55
-3 6 13 663931
-2 6 13 9a6b55
-1 6 13 9a6b55
-3 7 13 663931
-2 7 13 9a6b55
-1 7 13 9a6b55
-3 8 13 663931
-2 8 13 9a6b55
-1 8 13 9a6b55
-3 9 13 663931
-2 9 13 9a6b55
-1 9 13 9a6b55
-3 10 13 663931
-2 10 13 9a6b55
-1 10 13 9a6b55
-3 11 13 663931
-2 11 13 9a6b55
-1 11 13 9a6b55
-3 12 13 663931
-2 12 13 9a6b55
-1 12 13 9a6b55
-3 0 14 663931
-2 0 14 663931
-1 0 14 663931
-3 1 14 663931
-2 1 14 663931
-1 1 14 663931
-3 2 14 663931
-2 2 14 663931
-1 2 14 663931
-3 3 14 663931
-2 3 14 663931
-1 3 14 663931
-3 4 14 663931
-2 4 14 663931
-1 4 14 663931
-3 5 14 663931
-2 5 14 663931
-1 5 14 663931
-3 6 14 663931
-2 6 14 663931
-1 6 14 663931
-3 7 14 663931
-2 7 14 663931
-1 7 14 663931
-3 8 14 663931
-2 8 14 663931
-1 8 14 663931
-3 9 14 663931
-2 9 14 663931
-1 9 14 663931
-3 10 14 663931
-2 10 14 663931
-1 10 14 663931
-3 11 14 663931
-2 11 14 663931
-1 11 14 663931
-3 12 14 663931
-2 12 14 663931
-1 12 14 663931
0 0 0 9a6b55
1 0 0 9a6b55
2 0 0 9a6b55
3 0 0 9a6b55
4 0 0 9a6b55
5 0 0 9a6b55
6 0 0 9a6b55
7 0 0 9a6b55
8 0 0 9a6b55
9 0 0 9a6b55
0 1 0 9a6b55
1 1 0 9a6b55
2 1 0 9a6b55
3 1 0 9a6b55
4 1 0 9a6b55
5 1 0 9a6b55
6 1 0 9a6b55
7 1 0 9a6b55
8 1 0 9a6b55
9 1 0 9a6b55
0 2 0 9a6b55
1 2 0 9a6b55
2 2 0 9a6b55
3 2 0 9a6b55
4 2 0 9a6b55
5 2 0 9a6b55
6 2 0 9a6b55
7 2 0 9a6b55
8 2 0 9a6b55
9 2 0 9a6b55
0 3 0 9a6b55
1 3 0 9a6b55
2 3 0 9a6b55
3 3 0 9a6b55
4 3 0 9a6b55
5 3 0 9a6b55
6 3 0 9a6b55
7 3 0 9a6b55
8 3 0 9a6b55
9 3 0 9a6b55
0 4 0 9a6b55
1 4 0 9a6b55
2 4 0 9a6b55
3 4 0 9a6b55
4 4 0 9a6b55
5 4 0 9a6b55
6 4 0 9a6b55
7 4 0 9a6b55
8 4 0 9a6b55
9 4 0 9a6b55
0 5 0 9a6b55
1 5 0 9a6b55
2 5 0 9a6b55
3 5 0 9a6b55
4 5 0 9a6b55
5 5 0 9a6b55
6 5 0 9a6b55
7 5 0 9a6b55
8 5 0 9a6b55
9 5 0 9a6b55
0 6 0 9a6b55
1 6 0 9a6b55
2 6 0 9a6b55
3 6 0 9a6b55
4 6 0 9a6b55
5 6 0 9a6b55
6 6 0 9a6b55
7 6 0 9a6b55
8 6 0 9a6b55
9 6 0 9a6b55
0 7 0 9a6b55
1 7 0 9a6b55
2 7 0 9a6b55
3 7 0 9a6b55
4 7 0 9a6b55
5 7 0 9a6b55
6 7 0 9a6b55
7 7 0 9a6b55
8 7 0 9a6b55
9 7 0 9a6b55
0 8 0 9a6b55
1 8 0 9a6b55
2 8 0 9a6b55
3 8 0 9a6b55
4 8 0 9a6b55
5 8 0 9a6b55
6 8 0 9a6b55
7 8 0 9a6b55
8 8 0 9a6b55
9 8 0 9a6b55
0 9 0 9a6b55
1 9 0 9a6b55
2 9 0 9a6b55
3 9 0 9a6b55
4 9 0 9a6b55
5 9 0 9a6b55
6 9 0 9a6b55
7 9 0 9a6b55
8 9 0 9a6b55
9 9 0 9a6b55
0 10 0 9a6b55
1 10 0 9a6b55
2 10 0 9a6b55
3 10 0 9a6b55
4 10 0 9a6b55
5 10 0 9a6b55
6 10 0 9a6b55
7 10 0 9a6b55
8 10 0 9a6b55
9 10 0 9a6b55
0 11 0 9a6b55
1 11 0 9a6b55
2 11 0 9a6b55
3 11 0 9a6b55
4 11 0 9a6b55
5 11 0 9a6b55
6 11 0 9a6b55
7 11 0 9a6b55
8 11 0 9a6b55
9 11 0 9a6b55
0 12 0 9a6b55
1 12 0 9a6b55
2 12 0 9a6b55
3 12 0 9a6b55
4 12 0 9a6b55
5 12 0 9a6b55
6 12 0 9a6b55
7 12 0 9a6b55
8 12 0 9a6b55
9 12 0 9a6b55
8 0 1 9a6b55
9 0 1 9a6b55
8 1 1 9a6b55
9 1 1 9a6b55
8 2 1 9a6b55
9 2 1 9a6b55
8 3 1 9a6b55
9 3 1 9a6b55
8 4 1 9a6b55
9 4 1 9a6b55
0 5 1 9a6b55
1 5 1 9a6b55
2 5 1 9a6b55
3 5 1 9a6b55
4 5 1 9a6b55
5 5 1 9a6b55
6 5 1 9a6b55
7 5 1 9a6b55
8 5 1 9a6b55
9 5 1 9a6b55
0 6 1 9a6b55
1 6 1 9a6b55
2 6 1 9a6b55
3 6 1 9a6b55
4 6 1 9a6b55
5 6 1 9a6b55
6 6 1 9a6b55
7 6 1 9a6b55
8 6 1 9a6b55
9 6 1 9a6b55
0 7 1 9a6b55
1 7 1 9a6b55
2 7 1 9a6b55
3 7 1 9a6b55
4 7 1 9a6b55
5 7 1 9a6b55
6 7 1 9a6b55
7 7 1 9a6b55
8 7 1 9a6b55
9 7 1 9a6b55
0 8 1 9a6b55
1 8 1 9a6b55
2 8 1 9a6b55
3 8 1 9a6b55
4 8 1 9a6b55
5 8 1 9a6b55
6 8 1 9a6b55
7 8 1 9a6b55
8 8 1 9a6b55
9 8 1 9a6b55
0 9 1 9a6b55
1 9 1 9a6b55
2 9 1 9a6b55
3 9 1 9a6b55
4 9 1 9a6b55
5 9 1 9a6b55
6 9 1 9a6b55
7 9 1 9a6b55
8 9 1 9a6b55
9 9 1 9a6b55
0 10 1 9a6b55
1 10 1 9a6b55
2 10 1 9a6b55
3 10 1 9a6b55
4 10 1 9a6b55
5 10 1 9a6b55
6 10 1 9a6b55
7 10 1 9a6b55
8 10 1 9a6b55
9 10 1 9a6b55
0 11 1 9a6b55
1 11 1 9a6b55
2 11 1 9a6b55
3 11 1 9a6b55
4 11 1 9a6b55
5 11 1 9a6b55
6 11 1 9a6b55
7 11 1 9a6b55
8 11 1 9a6b55
9 11 1 9a6b55
0 12 1 9a6b55
1 12 1 9a6b55
2 12 1 9a6b55
3 12 1 9a6b55
4 12 1 9a6b55
5 12 1 9a6b55
6 12 1 9a6b55
7 12 1 9a6b55
8 12 1 9a6b55
9 12 1 9a6b55
8 0 2 9a6b55
9 0 2 9a6b55
8 1 2 9a6b55
9 1 2 9a6b55
8 2 2 9a6b55
9 2 2 9a6b55
8 3 2 9a6b55
9 3 2 9a6b55
8 4 2 9a6b55
9 4 2 9a6b55
0 5 2 9a6b55
1 5 2 9a6b55
3 5 2 9a6b55
4 5 2 9a6b55
5 5 2 9a6b55
6 5 2 9a6b55
7 5 2 9a6b55
8 5 2 9a6b55
9 5 2 9a6b55
0 6 2 9a6b55
1 6 2 9a6b55
2 6 2 9a6b55
3 6 2 9a6b55
4 6 2 9a6b55
5 6 2 9a6b55
6 6 2 9a6b55
7 6 2 9a6b55
8 6 2 9a6b55
9 6 2 9a6b55
0 7 2 9a6b55
1 7 2 9a6b55
2 7 2 9a6b55
3 7 2 9a6b55
4 7 2 9a6b55
5 7 2 9a6b55
6 7 2 9a6b55
7 7 2 9a6b55
8 7 2 9a6b55
9 7 2 9a6b55
0 8 2 9a6b55
1 8 2 9a6b55
2 8 2 9a6b55
3 8 2 9a6b55
4 8 2 9a6b55
5 8 2 9a6b55
6 8 2 9a6b55
7 8 2 9a6b55
8 8 2 9a6b55
9 8 2 9a6b55
0 9 2 9a6b55
1 9 2 9a6b55
2 9 2 9a6b55
3 9 2 9a6b55
4 9 2 9a6b55
5 9 2 9a6b55
6 9 2 9a6b55
7 9 2 9a6b55
8 9 2 9a6b55
9 9 2 9a6b55
0 10 2 9a6b55
1 10 2 9a6b55
2 10 2 9a6b55
3 10 2 9a6b55
4 10 2 9a6b55
5 10 2 9a6b55
6 10 2 9a6b55
7 10 2 9a6b55
8 10 2 9a6b55
9 10 2 9a6b55
0 11 2 9a6b55
1 11 2 9a6b55
2 11 2 9a6b55
3 11 2 9a6b55
4 11 2 9a6b55
5 11 2 9a6b55
6 11 2 9a6b55
7 11 2 9a6b55
8 11 2 9a6b55
9 11 2 9a6b55
0 12 2 9a6b55
1 12 2 9a6b55
2 12 2 9a6b55
3 12 2 9a6b55
4 12 2 9a6b55
5 12 2 9a6b55
6 12 2 9a6b55
7 12 2 9a6b55
8 12 2 9a6b55
9 12 2 9a6b55
8 0 3 9a6b55
9 0 3 9a6b55
8 1 3 9a6b55
9 1 3 9a6b55
8 2 3 9a6b55
9 2 3 9a6b55
8 3 3 9a6b55
9 3 3 9a6b55
0 4 3 ffffff
1 4 3 ffffff
4 4 3 ffffff
5 4 3 ffffff
6 4 3 ffffff
7 4 3 ffffff
8 4 3 9a6b55
9 4 3 9a6b55
0 5 3 9a6b55
1 5 3 9a6b55
2 5 3 9a6b55
3 5 3 9a6b55
4 5 3 9a6b55
5 5 3 9a6b55
6 5 3 9a6b55
7 5 3 9a6b55
8 5 3 9a6b55
9 5 3 9a6b55
0 6 3 9a6b55
1 6 3 9a6b55
2 6 3 9a6b55
3 6 3 9a6b55
4 6 3 9a6b55
5 6 3 9a6b55
6 6 3 9a6b55
7 6 3 9a6b55
8 6 3 9a6b55
9 6 3 9a6b55
0 7 3 9a6b55
1 7 3 9a6b55
2 7 3 9a6b55
3 7 3 9a6b55
4 7 3 9a6b55
5 7 3 9a6b55
6 7 3 9a6b55
7 7 3 9a6b55
8 7 3 9a6b55
9 7 3 9a6b55
0 8 3 9a6b55
1 8 3 9a6b55
2 8 3 9a6b55
3 8 3 9a6b55
4 8 3 9a6b55
5 8 3 9a6b55
6 8 3 9a6b55
7 8 3 9a6b55
8 8 3 9a6b55
9 8 3 9a6b55
0 9 3 9a6b55
1 9 3 9a6b55
2 9 3 9a6b55
3 9 3 9a6b55
4 9 3 9a6b55
5 9 3 9a6b55
6 9 3 9a6b55
7 9 3 9a6b55
8 9 3 9a6b55
9 9 3 9a6b55
0 10 3 9a6b55
1 10 3 9a6b55
2 10 3 9a6b55
3 10 3 9a6b55
4 10 3 9a6b55
5 10 3 9a6b55
6 10 3 9a6b55
7 10 3 9a6b55
8 10 3 9a6b55
9 10 3 9a6b55
0 11 3 9a6b55
1 11 3 9a6b55
2 11 3 9a6b55
3 11 3 9a6b55
4 11 3 9a6b55
5 11 3 9a6b55
6 11 3 9a6b55
7 11 3 9a6b55
8 11 3 9a6b55
9 11 3 9a6b55
0 12 3 9a6b55
1 12 3 9a6b55
2 12 3 9a6b55
3 12 3 9a6b55
4 12 3 9a6b55
5 12 3 9a6b55
6 12 3 9a6b55
7 12 3 9a6b55
8 12 3 9a6b55
9 12 3 9a6b55
8 0 4 9a6b55
9 0 4 9a6b55
8 1 4 9a6b55
9 1 4 9a6b55
8 2 4 9a6b55
9 2 4 9a6b55
3 3 4 663931
8 3 4 9a6b55
9 3 4 9a6b55
0 4 4 ffffff
1 4 4 ffffff
2 4 4 cbdbfc
3 4 4 cbdbfc
4 4 4 cbdbfc
5 4 4 cbdbfc
6 4 4 cbdbfc
7 4 4 cbdbfc
8 4 4 cbdbfc
9 4 4 9a6b55
0 5 4 9a6b55
1 5 4 9a6b55
2 5 4 9a6b55
3 5 4 9a6b55
4 5 4 9a6b55
5 5 4 9a6b55
6 5 4 9a6b55
7 5 4 9a6b55
8 5 4 9a6b55
9 5 4 9a6b55
0 6 4 9a6b55
1 6 4 9a6b55
2 6 4 9a6b55
3 6 4 9a6b55
4 6 4 9a6b55
5 6 4 9a6b55
6 6 4 9a6b55
7 6 4 9a6b55
8 6 4 9a6b55
9 6 4 9a6b55
0 7 4 9a6b55
1 7 4 9a6b55
2 7 4 9a6b55
3 7 4 9a6b55
4 7 4 9a6b55
5 7 4 9a6b55
6 7 4 9a6b55
7 7 4 9a6b55
8 7 4 9a6b55
9 7 4 9a6b55
0 8 4 9a6b55
1 8 4 9a6b55
2 8 4 9a6b55
3 8 4 9a6b55
4 8 4 9a6b55
5 8 4 9a6b55
6 8 4 9a6b55
7 8 4 9a6b55
8 8 4 9a6b55
9 8 4 9a6b55
0 9 4 9a6b55
1 9 4 9a6b55
2 9 4 9a6b55
3 9 4 9a6b55
4 9 4 9a6b55
5 9 4 9a6b55
6 9 4 9a6b55
7 9 4 9a6b55
8 9 4 9a6b55
9 9 4 9a6b55
0 10 4 9a6b55
1 10 4 9a6b55
2 10 4 9a6b55
3 10 4 9a6b55
4 10 4 9a6b55
5 10 4 9a6b55
6 10 4 9a6b55
7 10 4 9a6b55
8 10 4 9a6b55
9 10 4 9a6b55
0 11 4 9a6b55
1 11 4 9a6b55
2 11 4 9a6b55
3 11 4 9a6b55
4 11 4 9a6b55
5 11 4 9a6b55
6 11 4 9a6b55
7 11 4 9a6b55
8 11 4 9a6b55
9 11 4 9a6b55
0 12 4 9a6b55
1 12 4 9a6b55
2 12 4 9a6b55
3 12 4 9a6b55
4 12 4 9a6b55
5 12 4 9a6b55
6 12 4 9a6b55
7 12 4 9a6b55
8 12 4 9a6b55
9 12 4 9a6b55
8 0 5 9a6b55
9 0 5 9a6b55
8 1 5 9a6b55
9 1 5 9a6b55
8 2 5 9a6b55
9 2 5 9a6b55
3 3 5 663931
8 3 5 9a6b55
9 3 5 9a6b55
0 4 5 ffffff
1 4 5 ffffff
2 4 5 cbdbfc
3 4 5 cbdbfc
4 4 5 cbdbfc
5 4 5 cbdbfc
6 4 5 cbdbfc
7 4 5 cbdbfc
8 4 5 cbdbfc
9 4 5 9a6b55
0 5 5 9a6b55
1 5 5 9a6b55
2 5 5 9a6b55
3 5 5 9a6b55
4 5 5 9a6b55
5 5 5 9a6b55
6 5 5 9a6b55
7 5 5 9a6b55
8 5 5 9a6b55
9 5 5 9a6b55
0 6 5 9a6b55
1 6 5 9a6b55
2 6 5 9a6b55
3 6 5 9a6b55
4 6 5 9a6b55
5 6 5 9a6b55
6 6 5 9a6b55
7 6 5 9a6b55
8 6 5 9a6b55
9 6 5 9a6b55
0 7 5 9a6b55
1 7 5 9a6b55
2 7 5 9a6b55
3 7 5 9a6b55
4 7 5 9a6b55
5 7 5 9a6b55
6 7 5 9a6b55
7 7 5 9a6b55
8 7 5 9a6b55
9 7 5 9a6b55
0 8 5 9a6b55
1 8 5 9a6b55
2 8 5 9a6b55
3 8 5 9a6b55
4 8 5 9a6b55
5 8 5 9a6b55
6 8 5 9a6b55
7 8 5 9a6b55
8 8 5 9a6b55
9 8 5 9a6b55
0 9 5 9a6b55
1 9 5 9a6b55
2 9 5 9a6b55
3 9 5 9a6b55
4 9 5 9a6b55
5 9 5 9a6b55
6 9 5 9a6b55
7 9 5 9a6b55
8 9 5 9a6b55
9 9 5 9a6b55
0 10 5 9a6b55
1 10 5 9a6b55
2 10 5 9a6b55
3 10 5 9a6b55
4 10 5 9a6b55
5 10 5 9a6b55
6 10 5 9a6b55
7 10 5 9a6b55
8 10 5 9a6b55
9 10 5 9a6b55
0 11 5 9a6b55
1 11 5 9a6b55
2 11 5 9a6b55
3 11 5 9a6b55
4 11 5 9a6b55
5 11 5 9a6b55
6 11 5 9a6b55
7 11 5 9a6b55
8 11 5 9a6b55
9 11 5 9a6b55
0 12 5 9a6b55
1 12 5 9a6b55
2 12 5 9a6b55
3 12 5 9a6b55
4 12 5 9a6b55
5 12 5 9a6b55
6 12 5 9a6b55
7 12 5 9a6b55
8 12 5 9a6b55
9 12 5 9a6b55
8 0 6 9a6b55
9 0 6 9a6b55
1 1 6 663931
8 1 6 9a6b55
9 1 6 9a6b55
1 2 6 663931
8 2 6 9a6b55
9 2 6 9a6b55
1 3 6 663931
2 3 6 663931
8 3 6 9a6b55
9 3 6 9a6b55
0 4 6 ffffff
1 4 6 ffffff
2 4 6 ffffff
3 4 6 ffffff
4 4 6 ffffff
5 4 6 ffffff
6 4 6 ffffff
7 4 6 ffffff
8 4 6 9a6b55
9 4 6 9a6b55
0 5 6 9a6b55
1 5 6 9a6b55
2 5 6 9a6b55
3 5 6 9a6b55
4 5 6 9a6b55
5 5 6 9a6b55
6 5 6 9a6b55
7 5 6 9a6b55
8 5 6 9a6b55
9 5 6 9a6b55
0 6 6 9a6b55
1 6 6 9a6b55
2 6 6 9a6b55
3 6 6 9a6b55
4 6 6 9a6b55
5 6 6 9a6b55
6 6 6 9a6b55
7 6 6 9a6b55
8 6 6 9a6b55
9 6 6 9a6b55
0 7 6 9a6b55
1 7 6 9a6b55
2 7 6 9a6b55
3 7 6 9a6b55
4 7 6 9a6b55
5 7 6 9a6b55
6 7 6 9a6b55
7 7 6 9a6b55
8 7 6 9a6b55
9 7 6 9a6b55
0 8 6 9a6b55
1 8 6 9a6b55
2 8 6 9a6b55
3 8 6 9a6b55
4 8 6 9a6b55
5 8 6 9a6b55
6 8 6 9a6b55
7 8 6 9a6b55
8 8 6 9a6b55
9 8 6 9a6b55
0 9 6 9a6b55
1 9 6 9a6b55
2 9 6 9a6b55
3 9 6 9a6b55
4 9 6 9a6b55
5 9 6 9a6b55
6 9 6 9a6b55
7 9 6 9a6b55
8 9 6 9a6b55
9 9 6 9a6b55
0 10 6 9a6b55
1 10 6 9a6b55
2 10 6 9a6b55
3 10 6 9a6b55
4 10 6 9a6b55
5 10 6 9a6b55
6 10 6 9a6b55
7 10 6 9a6b55
8 10 6 9a6b55
9 10 6 9a6b55
0 11 6 9a6b55
1 11 6 9a6b55
2 11 6 9a6b55
3 11 6 9a6b55
4 11 6 9a6b55
5 11 6 9a6b55
6 11 6 9a6b55
7 11 6 9a6b55
8 11 6 9a6b55
9 11 6 9a6b55
0 12 6 9a6b55
1 12 6 9a6b55
2 12 6 9a6b55
3 12 6 9a6b55
4 12 6 9a6b55
5 12 6 9a6b55
6 12 6 9a6b55
7 12 6 9a6b55
8 12 6 9a6b55
9 12 6 9a6b55
8 0 7 9a6b55
9 0 7 9a6b55
8 1 7 9a6b55
9 1 7 9a6b55
8 2 7 9a6b55
9 2 7 9a6b55
8 3 7 9a6b55
9 3 7 9a6b55
8 4 7 9a6b55
9 4 7 9a6b55
0 5 7 9a6b55
1 5 7 9a6b55
2 5 7 9a6b55
3 5 7 9a6b55
4 5 7 9a6b55
5 5 7 9a6b55
6 5 7 9a6b55
7 5 7 9a6b55
8 5 7 9a6b55
9 5 7 9a6b55
0 6 7 9a6b55
1 6 7 9a6b55
2 6 7 9a6b55
3 6 7 9a6b55
4 6 7 9a6b55
5 6 7 9a6b55
6 6 7 9a6b55
7 6 7 9a6b55
8 6 7 9a6b55
9 6 7 9a6b55
0 7 7 9a6b55
1 7 7 9a6b55
2 7 7 9a6b55
3 7 7 9a6b55
4 7 7 9a6b55
5 7 7 9a6b55
6 7 7 9a6b55
7 7 7 9a6b55
8 7 7 9a6b55
9 7 7 9a6b55
0 8 7 9a6b55
1 8 7 9a6b55
2 8 7 9a6b55
3 8 7 9a6b55
4 8 7 9a6b55
5 8 7 9a6b55
6 8 7 9a6b55
7 8 7 9a6b55
8 8 7 9a6b55
9 8 7 9a6b55
0 9 7 9a6b55
1 9 7 9a6b55
2 9 7 9a6b55
3 9 7 9a6b55
4 9 7 9a6b55
5 9 7 9a6b55
6 9 7 9a6b55
7 9 7 9a6b55
8 9 7 9a6b55
9 9 7 9a6b55
0 10 7 9a6b55
1 10 7 9a6b55
2 10 7 9a6b55
3 10 7 9a6b55
4 10 7 9a6b55
5 10 7 9a6b55
6 10 7 9a6b55
7 10 7 9a6b55
8 10 7 9a6b55
9 10 7 9a6b55
0 11 7 9a6b55
1 11 7 9a6b55
2 11 7 9a6b55
3 11 7 9a6b55
4 11 7 9a6b55
5 11 7 9a6b55
6 11 7 9a6b55
7 11 7 9a6b55
8 11 7 9a6b55
9 11 7 9a6b55
0 12 7 9a6b55
1 12 7 9a6b55
2 12 7 9a6b55
3 12 7 9a6b55
4 12 7 9a6b55
5 12 7 9a6b55
6 12 7 9a6b55
7 12 7 9a6b55
8 12 7 9a6b55
9 12 7 9a6b55
0 0 8 663931
1 0 8 663931
2 0 8 663931
3 0 8 663931
4 0 8 663931
5 0 8 663931
6 0 8 663931
7 0 8 663931
8 0 8 663931
9 0 8 663931
10 0 8 663931
0 1 8 663931
1 1 8 663931
2 1 8 663931
3 1 8 663931
4 1 8 663931
5 1 8 663931
6 1 8 663931
7 1 8 663931
8 1 8 663931
9 1 8 663931
10 1 8 663931
0 2 8 663931
1 2 8 663931
2 2 8 663931
3 2 8 663931
4 2 8 663931
5 2 8 663931
6 2 8 663931
7 2 8 663931
8 2 8 663931
9 2 8 663931
10 2 8 663931
0 3 8 663931
1 3 8 663931
2 3 8 663931
3 3 8 663931
4 3 8 663931
5 3 8 663931
6 3 8 663931
7 3 8 663931
8 3 8 663931
9 3 8 663931
10 3 8 663931
0 4 8 663931
1 4 8 663931
2 4 8 663931
3 4 8 663931
4 4 8 663931
5 4 8 663931
6 4 8 663931
7 4 8 663931
8 4 8 663931
9 4 8 663931
10 4 8 663931
0 5 8 663931
1 5 8 663931
2 5 8 663931
3 5 8 663931
4 5 8 663931
5 5 8 663931
6 5 8 663931
7 5 8 663931
8 5 8 663931
9 5 8 663931
10 5 8 663931
0 6 8 663931
1 6 8 663931
2 6 8 663931
3 6 8 663931
4 6 8 663931
5 6 8 663931
6 6 8 663931
7 6 8 663931
8 6 8 663931
9 6 8 663931
10 6 8 663931
0 7 8 663931
1 7 8 663931
2 7 8 663931
3 7 8 663931
4 7 8 663931
5 7 8 663931
6 7 8 663931
7 7 8 663931
8 7 8 663931
9 7 8 663931
10 7 8 663931
0 8 8 663931
1 8 8 663931
2 8 8 663931
3 8 8 663931
4 8 8 663931
5 8 8 663931
6 8 8 663931
7 8 8 663931
8 8 8 663931
9 8 8 663931
10 8 8 663931
0 9 8 663931
1 9 8 663931
2 9 8 663931
3 9 8 663931
4 9 8 663931
5 9 8 663931
6 9 8 663931
7 9 8 663931
8 9 8 663931
9 9 8 663931
10 9 8 663931
0 10 8 663931
1 10 8 663931
2 10 8 663931
3 10 8 663931
4 10 8 663931
5 10 8 663931
6 10 8 663931
7 10 8 663931
8 10 8 663931
9 10 8 663931
10 10 8 663931
0 11 8 663931
1 11 8 663931
2 11 8 663931
3 11 8 663931
4 11 8 663931
5 11 8 663931
6 11 8 663931
7 11 8 663931
8 11 8 663931
9 11 8 663931
10 11 8 663931
0 12 8 996a54
1 12 8 996a54
2 12 8 996a54
3 12 8 996a54
4 12 8 996a54
5 12 8 996a54
6 12 8 996a54
7 12 8 996a54
8 12 8 663931
9 12 8 663931
10 12 8 663931
0 0 9 663931
1 0 9 663931
2 0 9 663931
3 0 9 663931
4 0 9 663931
5 0 9 663931
6 0 9 663931
7 0 9 663931
8 0 9 663931
0 1 9 663931
1 1 9 663931
2 1 9 663931
3 1 9 663931
4 1 9 663931
5 1 9 663931
6 1 9 663931
7 1 9 663931
8 1 9 663931
0 2 9 663931
1 2 9 663931
2 2 9 663931
3 2 9 663931
4 2 9 663931
5 2 9 663931
6 2 9 663931
7 2 9 663931
8 2 9 663931
0 3 9 663931
1 3 9 663931
2 3 9 663931
3 3 9 663931
4 3 9 663931
5 3 9 663931
6 3 9 663931
7 3 9 663931
8 3 9 663931
0 4 9 663931
1 4 9 663931
2 4 9 663931
3 4 9 663931
4 4 9 663931
5 4 9 663931
6 4 9 663931
7 4 9 663931
8 4 9 663931
0 5 9 663931
1 5 9 663931
2 5 9 663931
3 5 9 663931
4 5 9 663931
5 5 9 663931
6 5 9 663931
7 5 9 663931
8 5 9 663931
0 6 9 663931
1 6 9 663931
2 6 9 663931
3 6 9 663931
4 6 9 663931
5 6 9 663931
6 6 9 663931
7 6 9 663931
8 6 9 663931
0 7 9 663931
1 7 9 663931
2 7 9 663931
3 7 9 663931
4 7 9 663931
5 7 9 663931
6 7 9 663931
7 7 9 663931
8 7 9 663931
0 8 9 663931
1 8 9 663931
2 8 9 663931
3 8 9 663931
4 8 9 663931
5 8 9 663931
6 8 9 663931
7 8 9 663931
8 8 9 663931
0 9 9 663931
1 9 9 663931
2 9 9 663931
3 9 9 663931
4 9 9 663931
5 9 9 663931
6 9 9 663931
7 9 9 663931
8 9 9 663931
0 10 9 663931
1 10 9 663931
2 10 9 663931
3 10 9 663931
4 10 9 663931
5 10 9 663931
6 10 9 663931
7 10 9 663931
8 10 9 663931
0 11 9 663931
1 11 9 663931
2 11 9 663931
3 11 9 663931
4 11 9 663931
5 11 9 663931
6 11 9 663931
7 11 9 663931
8 11 9 663931
0 12 9 996a54
1 12 9 996a54
2 12 9 996a54
3 12 9 996a54
4 12 9 996a54
5 12 9 996a54
6 12 9 996a54
7 12 9 996a54
8 12 9 663931
0 0 10 663931
1 0 10 663931
2 0 10 663931
3 0 10 663931
4 0 10 663931
5 0 10 663931
6 0 10 663931
7 0 10 663931
8 0 10 663931
0 1 10 663931
1 1 10 663931
2 1 10 663931
3 1 10 663931
4 1 10 663931
5 1 10 663931
6 1 10 663931
7 1 10 663931
8 1 10 663931
0 2 10 663931
1 2 10 663931
2 2 10 663931
3 2 10 663931
4 2 10 663931
5 2 10 663931
6 2 10 663931
7 2 10 663931
8 2 10 663931
0 3 10 663931
1 3 10 663931
2 3 10 663931
3 3 10 663931
4 3 10 663931
5 3 10 663931
6 3 10 663931
7 3 10 663931
8 3 10 663931
0 4 10 663931
1 4 10 663931
2 4 10 663931
3 4 10 663931
4 4 10 663931
5 4 10 663931
6 4 10 663931
7 4 10 663931
8 4 10 663931
0 5 10 663931
1 5 10 663931
2 5 10 663931
3 5 10 663931
4 5 10 663931
5 5 10 663931
6 5 10 663931
7 5 10 663931
8 5 10 663931
0 6 10 663931
1 6 10 663931
2 6 10 663931
3 6 10 663931
4 6 10 663931
5 6 10 663931
6 6 10 663931
7 6 10 663931
8 6 10 663931
0 7 10 663931
1 7 10 663931
2 7 10 663931
3 7 10 663931
4 7 10 663931
5 7 10 663931
6 7 10 663931
7 7 10 663931
8 7 10 663931
0 8 10 663931
1 8 10 663931
2 8 10 663931
3 8 10 663931
4 8 10 663931
5 8 10 663931
6 8 10 663931
7 8 10 663931
8 8 10 663931
0 9 10 663931
1 9 10 663931
2 9 10 663931
3 9 10 663931
4 9 10 663931
5 9 10 663931
6 9 10 663931
7 9 10 663931
8 9 10 663931
0 10 10 663931
1 10 10 663931
2 10 10 663931
3 10 10 663931
4 10 10 663931
5 10 10 663931
6 10 10 663931
7 10 10 663931
8 10 10 663931
0 11 10 663931
1 11 10 663931
2 11 10 663931
3 11 10 663931
4 11 10 663931
5 11 10 663931
6 11 10 663931
7 11 10 663931
8 11 10 663931
0 12 10 996a54
1 12 10 996a54
2 12 10 996a54
3 12 10 996a54
4 12 10 996a54
5 12 10 996a54
6 12 10 663931
7 12 10 663931
8 12 10 663931
0 0 11 663931
1 0 11 663931
2 0 11 663931
3 0 11 663931
4 0 11 663931
5 0 11 663931
6 0 11 663931
0 1 11 663931
1 1 11 663931
2 1 11 663931
3 1 11 663931
4 1 11 663931
5 1 11 663931
6 1 11 663931
0 2 11 663931
1 2 11 663931
2 2 11 663931
3 2 11 663931
4 2 11 663931
5 2 11 663931
6 2 11 663931
0 3 11 663931
1 3 11 663931
2 3 11 663931
3 3 11 663931
4 3 11 663931
5 3 11 663931
6 3 11 663931
0 4 11 663931
1 4 11 663931
2 4 11 663931
3 4 11 663931
4 4 11 663931
5 4 11 663931
6 4 11 663931
0 5 11 663931
1 5 11 663931
2 5 11 663931
3 5 11 663931
4 5 11 663931
5 5 11 663931
6 5 11 663931
0 6 11 663931
1 6 11 663931
2 6 11 663931
3 6 11 663931
4 6 11 663931
5 6 11 663931
6 6 11 663931
0 7 11 663931
1 7 11 663931
2 7 11 663931
3 7 11 663931
4 7 11 663931
5 7 11 663931
6 7 11 663931
0 8 11 663931
1 8 11 663931
2 8 11 663931
3 8 11 663931
4 8 11 663931
5 8 11 663931
6 8 11 663931
0 9 11 663931
1 9 11 663931
2 9 11 663931
3 9 11 663931
4 9 11 663931
5 9 11 663931
6 9 11 663931
0 10 11 663931
1 10 11 663931
2 10 11 663931
3 10 11 663931
4 10 11 663931
5 10 11 663931
6 10 11 663931
0 11 11 663931
1 11 11 663931
2 11 11 663931
3 11 11 663931
4 11 11 663931
5 11 11 663931
6 11 11 663931
0 12 11 996a54
1 12 11 996a54
2 12 11 996a54
3 12 11 996a54
4 12 11 996a54
5 12 11 996a54
6 12 11 663931
0 0 12 663931
1 0 12 663931
2 0 12 663931
3 0 12 663931
4 0 12 663931
5 0 12 663931
6 0 12 663931
0 1 12 663931
1 1 12 663931
2 1 12 663931
3 1 12 663931
4 1 12 663931
5 1 12 663931
6 1 12 663931
0 2 12 663931
1 2 12 663931
2 2 12 663931
3 2 12 663931
4 2 12 663931
5 2 12 663931
6 2 12 663931
0 3 12 663931
1 3 12 663931
2 3 12 663931
3 3 12 663931
4 3 12 663931
5 3 12 663931
6 3 12 663931
0 4 12 663931
1 4 12 663931
2 4 12 663931
3 4 12 663931
4 4 12 663931
5 4 12 663931
6 4 12 663931
0 5 12 663931
1 5 12 663931
2 5 12 663931
3 5 12 663931
4 5 12 663931
5 5 12 663931
6 5 12 663931
0 6 12 663931
1 6 12 663931
2 6 12 663931
3 6 12 663931
4 6 12 663931
5 6 12 663931
6 6 12 663931
0 7 12 663931
1 7 12 663931
2 7 12 663931
3 7 12 663931
4 7 12 663931
5 7 12 663931
6 7 12 663931
0 8 12 663931
1 8 12 663931
2 8 12 663931
3 8 12 663931
4 8 12 663931
5 8 12 663931
6 8 12 663931
0 9 12 663931
1 9 12 663931
2 9 12 663931
3 9 12 663931
4 9 12 663931
5 9 12 663931
6 9 12 663931
0 10 12 663931
1 10 12 663931
2 10 12 663931
3 10 12 663931
4 10 12 663931
5 10 12 663931
6 10 12 663931
0 11 12 663931
1 11 12 663931
2 11 12 663931
3 11 12 663931
4 11 12 663931
5 11 12 663931
6 11 12 663931
0 12 12 996a54
1 12 12 996a54
2 12 12 996a54
3 12 12 996a54
4 12 12 663931
5 12 12 663931
6 12 12 663931
0 0 13 663931
1 0 13 663931
2 0 13 663931
3 0 13 663931
4 0 13 663931
0 1 13 663931
1 1 13 663931
2 1 13 663931
3 1 13 663931
4 1 13 663931
0 2 13 663931
1 2 13 663931
2 2 13 663931
3 2 13 663931
4 2 13 663931
0 3 13 663931
1 3 13 663931
2 3 13 663931
3 3 13 663931
4 3 13 663931
0 4 13 663931
1 4 13 663931
2 4 13 663931
3 4 13 663931
4 4 13 663931
0 5 13 9a6b55
1 5 13 9a6b55
2 5 13 9a6b55
3 5 13 9a6b55
4 5 13 663931
0 6 13 9a6b55
1 6 13 9a6b55
2 6 13 9a6b55
3 6 13 9a6b55
4 6 13 663931
0 7 13 9a6b55
1 7 13 9a6b55
2 7 13 9a6b55
3 7 13 9a6b55
4 7 13 663931
0 8 13 9a6b55
1 8 13 9a6b55
2 8 13 9a6b55
3 8 13 9a6b55
4 8 13 663931
0 9 13 9a6b55
1 9 13 9a6b55
2 9 13 9a6b55
3 9 13 9a6b55
4 9 13 663931
0 10 13 9a6b55
1 10 13 9a6b55
2 10 13 9a6b55
3 10 13 9a6b55
4 10 13 663931
0 11 13 9a6b55
1 11 13 9a6b55
2 11 13 9a6b55
3 11 13 9a6b55
4 11 13 663931
0 12 13 9a6b55
1 12 13 9a6b55
2 12 13 9a6b55
3 12 13 9a6b55
4 12 13 663931
0 0 14 663931
1 0 14 663931
2 0 14 663931
3 0 14 663931
4 0 14 663931
0 1 14 663931
1 1 14 663931
2 1 14 663931
3 1 14 663931
4 1 14 663931
0 2 14 663931
1 2 14 663931
2 2 14 663931
3 2 14 663931
4 2 14 663931
0 3 14 663931
1 3 14 663931
2 3 14 663931
3 3 14 663931
4 3 14 663931
0 4 14 663931
1 4 14 663931
2 4 14 663931
3 4 14 663931
4 4 14 663931
0 5 14 663931
1 5 14 663931
2 5 14 663931
3 5 14 663931
4 5 14 663931
0 6 14 663931
1 6 14 663931
2 6 14 663931
3 6 14 663931
4 6 14 663931
0 7 14 663931
1 7 14 663931
2 7 14 663931
3 7 14 663931
4 7 14 663931
0 8 14 663931
1 8 14 663931
2 8 14 663931
3 8 14 663931
4 8 14 663931
0 9 14 663931
1 9 14 663931
2 9 14 663931
3 9 14 663931
4 9 14 663931
0 10 14 663931
1 10 14 663931
2 10 14 663931
3 10 14 663931
4 10 14 663931
0 11 14 663931
1 11 14 663931
2 11 14 663931
3 11 14 663931
4 11 14 663931
0 12 14 663931
1 12 14 663931
2 12 14 663931
3 12 14 663931
4 12 14 663931
-4 -10 16 9a6b55
-3 -10 16 9a6b55
-2 -10 16 9a6b55
-1 -10 16 9a6b55
-4 -9 16 9a6b55
-3 -9 16 9a6b55
-2 -9 16 9a6b55
-1 -9 16 9a6b55
-4 -8 16 9a6b55
-3 -8 16 9a6b55
-2 -8 16 9a6b55
-1 -8 16 9a6b55
-4 -7 16 9a6b55
-3 -7 16 9a6b55
-2 -7 16 9a6b55
-1 -7 16 9a6b55
-4 -6 16 9a6b55
-3 -6 16 9a6b55
-2 -6 16 9a6b55
-1 -6 16 9a6b55
-4 -5 16 9a6b55
-3 -5 16 9a6b55
-2 -5 16 9a6b55
-1 -5 16 9a6b55
-4 -4 16 9a6b55
-3 -4 16 9a6b55
-2 -4 16 9a6b55
-1 -4 16 9a6b55
-4 -3 16 9a6b55
-3 -3 16 9a6b55
-2 -3 16 9a6b55
-1 -3 16 9a6b55
-4 -2 16 9a6b55
-3 -2 16 9a6b55
-2 -2 16 9a6b55
-1 -2 16 9a6b55
-4 -10 17 9a6b55
-3 -10 17 9a6b55
-2 -10 17 9a6b55
-1 -10 17 9a6b55
-4 -9 17 9a6b55
-3 -9 17 9a6b55
-2 -9 17 9a6b55
-1 -9 17 9a6b55
-4 -8 17 9a6b55
-3 -8 17 9a6b55
-2 -8 17 9a6b55
-1 -8 17 9a6b55
-4 -7 17 9a6b55
-3 -7 17 9a6b55
-2 -7 17 9a6b55
-1 -7 17 9a6b55
-4 -6 17 9a6b55
-3 -6 17 9a6b55
-2 -6 17 9a6b55
-1 -6 17 9a6b55
-4 -5 17 9a6b55
-3 -5 17 9a6b55
-2 -5 17 9a6b55
-1 -5 17 9a6b55
-4 -4 17 9a6b55
-3 -4 17 9a6b55
-2 -4 17 9a6b55
-1 -4 17 9a6b55
-4 -3 17 9a6b55
-3 -3 17 9a6b55
-2 -3 17 9a6b55
-1 -3 17 9a6b55
-4 -2 17 9a6b55
-3 -2 17 9a6b55
-2 -2 17 9a6b55
-1 -2 17 9a6b55
-4 -10 18 9a6b55
-3 -10 18 9a6b55
-4 -9 18 9a6b55
-3 -9 18 9a6b55
-2 -9 18 beb842
-1 -9 18 5da5b4
-3 -8 18 5da4b3
-2 -8 18 9a6b55
-1 -8 18 9a6b55
-3 -7 18 ab3231
-2 -7 18 9a6b55
-1 -7 18 9a6b55
-4 -6 18 9a6b55
-3 -6 18 9a6b55
-2 -6 18 9a6b55
-1 -6 18 9a6b55
-3 -5 18 bdb742
-2 -5 18 9a6b55
-1 -5 18 9a6b55
-3 -4 18 5da4b3
-2 -4 18 9a6b55
-1 -4 18 9a6b55
-4 -3 18 9a6b55
-3 -3 18 9a6b55
-2 -3 18 5da4b3
-1 -3 18 bdb742
-4 -2 18 9a6b55
-3 -2 18 9a6b55
-4 -10 19 9a6b55
-3 -10 19 9a6b55
-4 -9 19 9a6b55
-3 -9 19 9a6b55
-2 -9 19 5da5b4
-1 -9 19 ac3131
-3 -8 19 ab3231
-2 -8 19 9a6b55
-1 -8 19 9a6b55
-3 -7 19 bdb742
-2 -7 19 9a6b55
-1 -7 19 9a6b55
-4 -6 19 9a6b55
-3 -6 19 9a6b55
-2 -6 19 9a6b55
-1 -6 19 9a6b55
-3 -5 19 ab3231
-2 -5 19 9a6b55
-1 -5 19 9a6b55
-3 -4 19 ab3231
-2 -4 19 9a6b55
-1 -4 19 9a6b55
-4 -3 19 9a6b55
-3 -3 19 9a6b55
-2 -3 19 71af45
-1 -3 19 ab3231
-4 -2 19 9a6b55
-3 -2 19 9a6b55
-4 -10 20 9a6b55
-3 -10 20 9a6b55
-4 -9 20 9a6b55
-3 -9 20 9a6b55
-2 -9 20 ac3131
-1 -9 20 98e44f
-3 -8 20 71af45
-2 -8 20 9a6b55
-1 -8 20 9a6b55
-3 -7 20 ab3231
-2 -7 20 9a6b55
-1 -7 20 9a6b55
-4 -6 20 9a6b55
-3 -6 20 9a6b55
-2 -6 20 9a6b55
-1 -6 20 9a6b55
-3 -5 20 5da5b3
-2 -5 20 9a6b55
-1 -5 20 9a6b55
-3 -4 20 bdb742
-2 -4 20 9a6b55
-1 -4 20 9a6b55
-4 -3 20 9a6b55
-3 -3 20 9a6b55
-2 -3 20 ab3231
-1 -3 20 5da5b3
-4 -2 20 9a6b55
-3 -2 20 9a6b55
-4 -10 21 9a6b55
-3 -10 21 9a6b55
-4 -9 21 9a6b55
-3 -9 21 9a6b55
-2 -9 21 98e44f
-1 -9 21 5da5b4
-3 -8 21 ab3231
-2 -8 21 9a6b55
-1 -8 21 9a6b55
-3 -7 21 bdb742
-2 -7 21 9a6b55
-1 -7 21 9a6b55
-4 -6 21 9a6b55
-3 -6 21 9a6b55
-2 -6 21 9a6b55
-1 -6 21 9a6b55
-3 -5 21 71af45
-2 -5 21 9a6b55
-1 -5 21 9a6b55
-3 -4 21 ab3231
-2 -4 21 9a6b55
-1 -4 21 9a6b55
-4 -3 21 9a6b55
-3 -3 21 9a6b55
-2 -3 21 bdb742
-1 -3 21 71af45
-4 -2 21 9a6b55
-3 -2 21 9a6b55
-4 -10 22 9a6b55
-3 -10 22 9a6b55
-4 -9 22 9a6b55
-3 -9 22 9a6b55
-2 -9 22 5da5b4
-1 -9 22 beb842
-3 -8 22 5da4b3
-2 -8 22 9a6b55
-1 -8 22 9a6b55
-3 -7 22 ab3231
-2 -7 22 9a6b55
-1 -7 22 9a6b55
-4 -6 22 9a6b55
-3 -6 22 9a6b55
-2 -6 22 9a6b55
-1 -6 22 9a6b55
-3 -5 22 5da4b3
-2 -5 22 9a6b55
-1 -5 22 9a6b55
-3 -4 22 bdb742
-2 -4 22 9a6b55
-1 -4 22 9a6b55
-4 -3 22 9a6b55
-3 -3 22 9a6b55
-2 -3 22 5da5b3
-1 -3 22 ab3231
-4 -2 22 9a6b55
-3 -2 22 9a6b55
-4 -10 23 9a6b55
-3 -10 23 9a6b55
-2 -10 23 9a6b55
-1 -10 23 9a6b55
-4 -9 23 9a6b55
-3 -9 23 9a6b55
-2 -9 23 9a6b55
-1 -9 23 9a6b55
-4 -8 23 9a6b55
-3 -8 23 9a6b55
-2 -8 23 9a6b55
-1 -8 23 9a6b55
-4 -7 23 9a6b55
-3 -7 23 9a6b55
-2 -7 23 9a6b55
-1 -7 23 9a6b55
-4 -6 23 9a6b55
-3 -6 23 9a6b55
-2 -6 23 9a6b55
-1 -6 23 9a6b55
-4 -5 23 9a6b55
-3 -5 23 9a6b55
-2 -5 23 9a6b55
-1 -5 23 9a6b55
-4 -4 23 9a6b55
-3 -4 23 9a6b55
-2 -4 23 9a6b55
-1 -4 23 9a6b55
-4 -3 23 9a6b55
-3 -3 23 9a6b55
-2 -3 23 9a6b55
-1 -3 23 9a6b55
-4 -2 23 9a6b55
-3 -2 23 9a6b55
-2 -2 23 9a6b55
-1 -2 23 9a6b55
-4 -10 24 9a6b55
-3 -10 24 9a6b55
-2 -10 24 9a6b55
-1 -10 24 9a6b55
-4 -9 24 9a6b55
-3 -9 24 9a6b55
-2 -9 24 9a6b55
-1 -9 24 9a6b55
-4 -8 24 9a6b55
-3 -8 24 9a6b55
-2 -8 24 9a6b55
-1 -8 24 9a6b55
-4 -7 24 9a6b55
-3 -7 24 9a6b55
-2 -7 24 9a6b55
-1 -7 24 9a6b55
-4 -6 24 9a6b55
-3 -6 24 9a6b55
-2 -6 24 9a6b55
-1 -6 24 9a6b55
-4 -5 24 9a6b55
-3 -5 24 9a6b55
-2 -5 24 9a6b55
-1 -5 24 9a6b55
-4 -4 24 9a6b55
-3 -4 24 9a6b55
-2 -4 24 9a6b55
-1 -4 24 9a6b55
-4 -3 24 9a6b55
-3 -3 24 9a6b55
-2 -3 24 9a6b55
-1 -3 24 9a6b55
-4 -2 24 9a6b55
-3 -2 24 9a6b55
-2 -2 24 9a6b55
-1 -2 24 9a6b55
-4 -10 25 663931
-3 -10 25 663931
-2 -10 25 663931
-1 -10 25 663931
-4 -9 25 663931
-3 -9 25 9a6b55
-2 -9 25 9a6b55
-1 -9 25 9a6b55
-4 -8 25 663931
-3 -8 25 9a6b55
-2 -8 25 9a6b55
-1 -8 25 9a6b55
-4 -7 25 663931
-3 -7 25 9a6b55
-2 -7 25 9a6b55
-1 -7 25 9a6b55
-4 -6 25 663931
-3 -6 25 9a6b55
-2 -6 25 9a6b55
-1 -6 25 9a6b55
-4 -5 25 663931
-3 -5 25 9a6b55
-2 -5 25 9a6b55
-1 -5 25 9a6b55
-4 -4 25 663931
-3 -4 25 9a6b55
-2 -4 25 9a6b55
-1 -4 25 9a6b55
-4 -3 25 663931
-3 -3 25 9a6b55
-2 -3 25 9a6b55
-1 -3 25 9a6b55
-4 -2 25 663931
-3 -2 25 663931
-2 -2 25 663931
-1 -2 25 663931
-3 -9 26 663931
-2 -9 26 663931
-1 -9 26 663931
-3 -8 26 663931
-2 -8 26 9a6b55
-1 -8 26 9a6b55
-3 -7 26 663931
-2 -7 26 9a6b55
-1 -7 26 9a6b55
-3 -6 26 663931
-2 -6 26 9a6b55
-1 -6 26 9a6b55
-3 -5 26 663931
-2 -5 26 9a6b55
-1 -5 26 9a6b55
-3 -4 26 663931
-2 -4 26 9a6b55
-1 -4 26 9a6b55
-3 -3 26 663931
-2 -3 26 663931
-1 -3 26 663931
-2 -8 27 663931
-1 -8 27 663931
-2 -7 27 663931
-1 -7 27 9a6b55
-2 -6 27 663931
-1 -6 27 9a6b55
-2 -5 27 663931
-1 -5 27 663931
-2 -4 27 663931
-1 -4 27 663931
-1 -7 28 663931
-1 -6 28 663931
-1 -5 28 663931
0 -10 16 9a6b55
1 -10 16 9a6b55
2 -10 16 9a6b55
3 -10 16 9a6b55
4 -10 16 9a6b55
5 -10 16 9a6b55
0 -9 16 9a6b55
1 -9 16 9a6b55
2 -9 16 9a6b55
3 -9 16 9a6b55
4 -9 16 9a6b55
5 -9 16 9a6b55
0 -8 16 9a6b55
1 -8 16 9a6b55
2 -8 16 9a6b55
3 -8 16 9a6b55
4 -8 16 9a6b55
5 -8 16 9a6b55
0 -7 16 9a6b55
1 -7 16 9a6b55
2 -7 16 9a6b55
3 -7 16 9a6b55
4 -7 16 9a6b55
5 -7 16 9a6b55
0 -6 16 9a6b55
1 -6 16 9a6b55
2 -6 16 9a6b55
3 -6 16 9a6b55
4 -6 16 9a6b55
5 -6 16 9a6b55
0 -5 16 9a6b55
1 -5 16 9a6b55
2 -5 16 9a6b55
3 -5 16 9a6b55
4 -5 16 9a6b55
5 -5 16 9a6b55
0 -4 16 9a6b55
1 -4 16 9a6b55
2 -4 16 9a6b55
3 -4 16 9a6b55
4 -4 16 9a6b55
5 -4 16 9a6b55
0 -3 16 9a6b55
1 -3 16 9a6b55
2 -3 16 9a6b55
3 -3 16 9a6b55
4 -3 16 9a6b55
5 -3 16 9a6b55
0 -2 16 9a6b55
1 -2 16 9a6b55
2 -2 16 9a6b55
3 -2 16 9a6b55
4 -2 16 9a6b55
5 -2 16 9a6b55
0 -10 17 9a6b55
1 -10 17 9a6b55
2 -10 17 9a6b55
3 -10 17 9a6b55
4 -10 17 9a6b55
5 -10 17 9a6b55
0 -9 17 9a6b55
1 -9 17 9a6b55
2 -9 17 9a6b55
3 -9 17 9a6b55
4 -9 17 9a6b55
5 -9 17 9a6b55
0 -8 17 9a6b55
1 -8 17 9a6b55
2 -8 17 9a6b55
3 -8 17 9a6b55
4 -8 17 9a6b55
5 -8 17 9a6b55
0 -7 17 9a6b55
1 -7 17 9a6b55
2 -7 17 9a6b55
3 -7 17 9a6b55
4 -7 17 9a6b55
5 -7 17 9a6b55
0 -6 17 9a6b55
1 -6 17 9a6b55
2 -6 17 9a6b55
3 -6 17 9a6b55
4 -6 17 9a6b55
5 -6 17 9a6b55
0 -5 17 9a6b55
1 -5 17 9a6b55
2 -5 17 9a6b55
3 -5 17 9a6b55
4 -5 17 9a6b55
5 -5 17 9a6b55
0 -4 17 9a6b55
1 -4 17 9a6b55
2 -4 17 9a6b55
3 -4 17 9a6b55
4 -4 17 9a6b55
5 -4 17 9a6b55
0 -3 17 9a6b55
1 -3 17 9a6b55
2 -3 17 9a6b55
3 -3 17 9a6b55
4 -3 17 9a6b55
5 -3 17 9a6b55
0 -2 17 9a6b55
1 -2 17 9a6b55
2 -2 17 9a6b55
3 -2 17 9a6b55
4 -2 17 9a6b55
5 -2 17 9a6b55
0 -10 18 9a6b55
1 -10 18 9a6b55
4 -10 18 9a6b55
5 -10 18 9a6b55
0 -9 18 9a6b55
1 -9 18 9a6b55
2 -9 18 71af46
3 -9 18 5fcce3
4 -9 18 9a6b55
5 -9 18 9a6b55
0 -8 18 9a6b55
1 -8 18 9a6b55
2 -8 18 9a6b55
3 -8 18 9a6b55
4 -8 18 5da4b3
0 -7 18 9a6b55
1 -7 18 9a6b55
2 -7 18 9a6b55
3 -7 18 9a6b55
4 -7 18 71af45
0 -6 18 9a6b55
1 -6 18 9a6b55
2 -6 18 9a6b55
3 -6 18 9a6b55
4 -6 18 9a6b55
5 -6 18 9a6b55
0 -5 18 9a6b55
1 -5 18 9a6b55
2 -5 18 9a6b55
3 -5 18 9a6b55
4 -5 18 bdb742
0 -4 18 9a6b55
1 -4 18 9a6b55
2 -4 18 9a6b55
3 -4 18 9a6b55
4 -4 18 5da4b3
0 -3 18 9a6b55
1 -3 18 9a6b55
2 -3 18 5da4b3
3 -3 18 bdb742
4 -3 18 9a6b55
5 -3 18 9a6b55
0 -2 18 9a6b55
1 -2 18 9a6b55
4 -2 18 9a6b55
5 -2 18 9a6b55
0 -10 19 9a6b55
1 -10 19 9a6b55
4 -10 19 9a6b55
5 -10 19 9a6b55
0 -9 19 9a6b55
1 -9 19 9a6b55
2 -9 19 ac3131
3 -9 19 71af45
4 -9 19 9a6b55
5 -9 19 9a6b55
0 -8 19 9a6b55
1 -8 19 9a6b55
2 -8 19 9a6b55
3 -8 19 9a6b55
4 -8 19 bdb742
0 -7 19 9a6b55
1 -7 19 9a6b55
2 -7 19 9a6b55
3 -7 19 9a6b55
4 -7 19 5da4b3
0 -6 19 9a6b55
1 -6 19 9a6b55
2 -6 19 9a6b55
3 -6 19 9a6b55
4 -6 19 9a6b55
5 -6 19 9a6b55
0 -5 19 9a6b55
1 -5 19 9a6b55
2 -5 19 9a6b55
3 -5 19 9a6b55
4 -5 19 ab3231
0 -4 19 9a6b55
1 -4 19 9a6b55
2 -4 19 9a6b55
3 -4 19 9a6b55
4 -4 19 bdb742
0 -3 19 9a6b55
1 -3 19 9a6b55
2 -3 19 71af45
3 -3 19 ab3232
4 -3 19 9a6b55
5 -3 19 9a6b55
0 -2 19 9a6b55
1 -2 19 9a6b55
4 -2 19 9a6b55
5 -2 19 9a6b55
0 -10 20 9a6b55
1 -10 20 9a6b55
4 -10 20 9a6b55
5 -10 20 9a6b55
0 -9 20 9a6b55
1 -9 20 9a6b55
2 -9 20 beb842
3 -9 20 ac3131
4 -9 20 9a6b55
5 -9 20 9a6b55
0 -8 20 9a6b55
1 -8 20 9a6b55
2 -8 20 9a6b55
3 -8 20 9a6b55
4 -8 20 ab3231
0 -7 20 9a6b55
1 -7 20 9a6b55
2 -7 20 9a6b55
3 -7 20 9a6b55
4 -7 20 bdb742
0 -6 20 9a6b55
1 -6 20 9a6b55
2 -6 20 9a6b55
3 -6 20 9a6b55
4 -6 20 9a6b55
5 -6 20 9a6b55
0 -5 20 9a6b55
1 -5 20 9a6b55
2 -5 20 9a6b55
3 -5 20 9a6b55
4 -5 20 bdb742
0 -4 20 9a6b55
1 -4 20 9a6b55
2 -4 20 9a6b55
3 -4 20 9a6b55
4 -4 20 5da4b3
0 -3 20 9a6b55
1 -3 20 9a6b55
2 -3 20 ab3231
3 -3 20 5da4b3
4 -3 20 9a6b55
5 -3 20 9a6b55
0 -2 20 9a6b55
1 -2 20 9a6b55
4 -2 20 9a6b55
5 -2 20 9a6b55
0 -10 21 9a6b55
1 -10 21 9a6b55
4 -10 21 9a6b55
5 -10 21 9a6b55
0 -9 21 9a6b55
1 -9 21 9a6b55
2 -9 21 5da5b4
3 -9 21 98e44f
4 -9 21 9a6b55
5 -9 21 9a6b55
0 -8 21 9a6b55
1 -8 21 9a6b55
2 -8 21 9a6b55
3 -8 21 9a6b55
4 -8 21 bdb742
0 -7 21 9a6b55
1 -7 21 9a6b55
2 -7 21 9a6b55
3 -7 21 9a6b55
4 -7 21 5da4b3
0 -6 21 9a6b55
1 -6 21 9a6b55
2 -6 21 9a6b55
3 -6 21 9a6b55
4 -6 21 9a6b55
5 -6 21 9a6b55
0 -5 21 9a6b55
1 -5 21 9a6b55
2 -5 21 9a6b55
3 -5 21 9a6b55
4 -5 21 ab3231
0 -4 21 9a6b55
1 -4 21 9a6b55
2 -4 21 9a6b55
3 -4 21 9a6b55
4 -4 21 71af45
0 -3 21 9a6b55
1 -3 21 9a6b55
2 -3 21 bdb742
3 -3 21 71af45
4 -3 21 9a6b55
5 -3 21 9a6b55
0 -2 21 9a6b55
1 -2 21 9a6b55
4 -2 21 9a6b55
5 -2 21 9a6b55
0 -10 22 9a6b55
1 -10 22 9a6b55
4 -10 22 9a6b55
5 -10 22 9a6b55
0 -9 22 9a6b55
1 -9 22 9a6b55
2 -9 22 ac3131
3 -9 22 5da5b4
4 -9 22 9a6b55
5 -9 22 9a6b55
0 -8 22 9a6b55
1 -8 22 9a6b55
2 -8 22 9a6b55
3 -8 22 9a6b55
4 -8 22 5da4b3
0 -7 22 9a6b55
1 -7 22 9a6b55
2 -7 22 9a6b55
3 -7 22 9a6b55
4 -7 22 ab3232
0 -6 22 9a6b55
1 -6 22 9a6b55
2 -6 22 9a6b55
3 -6 22 9a6b55
4 -6 22 9a6b55
5 -6 22 9a6b55
0 -5 22 9a6b55
1 -5 22 9a6b55
2 -5 22 9a6b55
3 -5 22 9a6b55
4 -5 22 5da4b3
0 -4 22 9a6b55
1 -4 22 9a6b55
2 -4 22 9a6b55
3 -4 22 9a6b55
4 -4 22 ab3231
0 -3 22 9a6b55
1 -3 22 9a6b55
2 -3 22 5da4b3
3 -3 22 ab3231
4 -3 22 9a6b55
5 -3 22 9a6b55
0 -2 22 9a6b55
1 -2 22 9a6b55
4 -2 22 9a6b55
5 -2 22 9a6b55
0 -10 23 9a6b55
1 -10 23 9a6b55
2 -10 23 9a6b55
3 -10 23 9a6b55
4 -10 23 9a6b55
5 -10 23 9a6b55
0 -9 23 9a6b55
1 -9 23 9a6b55
2 -9 23 9a6b55
3 -9 23 9a6b55
4 -9 23 9a6b55
5 -9 23 9a6b55
0 -8 23 9a6b55
1 -8 23 9a6b55
2 -8 23 9a6b55
3 -8 23 9a6b55
4 -8 23 9a6b55
5 -8 23 9a6b55
0 -7 23 9a6b55
1 -7 23 9a6b55
2 -7 23 9a6b55
3 -7 23 9a6b55
4 -7 23 9a6b55
5 -7 23 9a6b55
0 -6 23 9a6b55
1 -6 23 9a6b55
2 -6 23 9a6b55
3 -6 23 9a6b55
4 -6 23 9a6b55
5 -6 23 9a6b55
0 -5 23 9a6b55
1 -5 23 9a6b55
2 -5 23 9a6b55
3 -5 23 9a6b55
4 -5 23 9a6b55
5 -5 23 9a6b55
0 -4 23 9a6b55
1 -4 23 9a6b55
2 -4 23 9a6b55
3 -4 23 9a6b55
4 -4 23 9a6b55
5 -4 23 9a6b55
0 -3 23 9a6b55
1 -3 23 9a6b55
2 -3 23 9a6b55
3 -3 23 9a6b55
4 -3 23 9a6b55
5 -3 23 9a6b55
0 -2 23 9a6b55
1 -2 23 9a6b55
2 -2 23 9a6b55
3 -2 23 9a6b55
4 -2 23 9a6b55
5 -2 23 9a6b55
0 -10 24 9a6b55
1 -10 24 9a6b55
2 -10 24 9a6b55
3 -10 24 9a6b55
4 -10 24 9a6b55
5 -10 24 9a6b55
0 -9 24 9a6b55
1 -9 24 9a6b55
2 -9 24 9a6b55
3 -9 24 9a6b55
4 -9 24 9a6b55
5 -9 24 9a6b55
0 -8 24 9a6b55
1 -8 24 9a6b55
2 -8 24 9a6b55
3 -8 24 9a6b55
4 -8 24 9a6b55
5 -8 24 9a6b55
0 -7 24 9a6b55
1 -7 24 9a6b55
2 -7 24 9a6b55
3 -7 24 9a6b55
4 -7 24 9a6b55
5 -7 24 9a6b55
0 -6 24 9a6b55
1 -6 24 9a6b55
2 -6 24 9a6b55
3 -6 24 9a6b55
4 -6 24 9a6b55
5 -6 24 9a6b55
0 -5 24 9a6b55
1 -5 24 9a6b55
2 -5 24 9a6b55
3 -5 24 9a6b55
4 -5 24 9a6b55
5 -5 24 9a6b55
0 -4 24 9a6b55
1 -4 24 9a6b55
2 -4 24 9a6b55
3 -4 24 9a6b55
4 -4 24 9a6b55
5 -4 24 9a6b55
0 -3 24 9a6b55
1 -3 24 9a6b55
2 -3 24 9a6b55
3 -3 24 9a6b55
4 -3 24 9a6b55
5 -3 24 9a6b55
0 -2 24 9a6b55
1 -2 24 9a6b55
2 -2 24 9a6b55
3 -2 24 9a6b55
4 -2 24 9a6b55
5 -2 24 9a6b55
0 -10 25 663931
1 -10 25 663931
2 -10 25 663931
3 -10 25 663931
4 -10 25 663931
5 -10 25 663931
0 -9 25 9a6b55
1 -9 25 9a6b55
2 -9 25 9a6b55
3 -9 25 9a6b55
4 -9 25 9a6b55
5 -9 25 663931
0 -8 25 9a6b55
1 -8 25 9a6b55
2 -8 25 9a6b55
3 -8 25 9a6b55
4 -8 25 663931
5 -8 25 663931
0 -7 25 9a6b55
1 -7 25 9a6b55
2 -7 25 9a6b55
3 -7 25 9a6b55
4 -7 25 663931
5 -7 25 663931
0 -6 25 9a6b55
1 -6 25 9a6b55
2 -6 25 9a6b55
3 -6 25 9a6b55
4 -6 25 663931
5 -6 25 663931
0 -5 25 9a6b55
1 -5 25 9a6b55
2 -5 25 9a6b55
3 -5 25 9a6b55
4 -5 25 663931
5 -5 25 663931
0 -4 25 9a6b55
1 -4 25 9a6b55
2 -4 25 9a6b55
3 -4 25 9a6b55
4 -4 25 663931
5 -4 25 663931
0 -3 25 9a6b55
1 -3 25 9a6b55
2 -3 25 663931
3 -3 25 663931
4 -3 25 663931
5 -3 25 663931
0 -2 25 663931
1 -2 25 663931
2 -2 25 663931
3 -2 25 663931
4 -2 25 663931
5 -2 25 663931
0 -9 26 663931
1 -9 26 663931
2 -9 26 663931
3 -9 26 663931
4 -9 26 663931
0 -8 26 9a6b55
1 -8 26 9a6b55
2 -8 26 9a6b55
3 -8 26 9a6b55
4 -8 26 663931
0 -7 26 9a6b55
1 -7 26 9a6b55
2 -7 26 9a6b55
3 -7 26 9a6b55
4 -7 26 663931
0 -6 26 9a6b55
1 -6 26 9a6b55
2 -6 26 9a6b55
3 -6 26 663931
4 -6 26 663931
0 -5 26 9a6b55
1 -5 26 9a6b55
2 -5 26 9a6b55
3 -5 26 9a6b55
4 -5 26 663931
0 -4 26 663931
1 -4 26 9a6b55
2 -4 26 663931
3 -4 26 9a6b55
4 -4 26 663931
0 -3 26 663931
1 -3 26 663931
2 -3 26 663931
3 -3 26 663931
4 -3 26 663931
0 -8 27 663931
1 -8 27 663931
2 -8 27 663931
3 -8 27 663931
0 -7 27 9a6b55
1 -7 27 9a6b55
2 -7 27 663931
3 -7 27 663931
0 -6 27 9a6b55
1 -6 27 9a6b55
2 -6 27 9a6b55
3 -6 27 663931
0 -5 27 663931
1 -5 27 663931
2 -5 27 663931
3 -5 27 663931
0 -4 27 663931
1 -4 27 663931
2 -4 27 663931
3 -4 27 663931
0 -7 28 663931
1 -7 28 663931
2 -7 28 663931
0 -6 28 9a6b55
1 -6 28 663931
2 -6 28 663931
0 -5 28 663931
1 -5 28 663931
2 -5 28 663931
0 -6 29 663931
1 -6 29 663931
